14775KBAF BAF2018050200000500   NP  0000    0.00              40000   29.704  29.706  29.709   59   43          
14775KBAF BAF2018050200010501   NP  0000    0.00              40000   29.704  29.706  29.709   59   43          
14775KBAF BAF2018050200020502   NP  0000    0.00              40000   29.704  29.706  29.709   58   43          
14775KBAF BAF2018050200030503   NP  0000    0.00              40000   29.704  29.706  29.709   57   43          
14775KBAF BAF2018050200040504   NP  0000    0.00              40000   29.704  29.707  29.710   58   44          
14775KBAF BAF2018050200050505   NP  0000    0.00              40000   29.704  29.706  29.709   58   44          
14775KBAF BAF2018050200060506   NP  0000    0.00              40000   29.703  29.705  29.708   58   43          
14775KBAF BAF2018050200070507   NP  0000    0.00              40000   29.702  29.705  29.708   59   42          
14775KBAF BAF2018050200080508   NP  0000    0.00              40000   29.702  29.705  29.708   58   41          
14775KBAF BAF2018050200090509   NP  0000    0.00              40000   29.702  29.705  29.708   57   41          
14775KBAF BAF2018050200100510   NP  0000    0.00              40000   29.702  29.705  29.708   57   42          
14775KBAF BAF2018050200110511   NP  0000    0.00              40000   29.703  29.705  29.708   57   42          
14775KBAF BAF2018050200120512   NP  0000    0.00              40000   29.703  29.705  29.708   57   43          
14775KBAF BAF2018050200130513   NP  0000    0.00              40000   29.702  29.704  29.707   56   43          
14775KBAF BAF2018050200140514   NP  0000    0.00              40000   29.701  29.703  29.706   56   45          
14775KBAF BAF2018050200150515   NP  0000    0.00              40000   29.701  29.703  29.706   56   46          
14775KBAF BAF2018050200160516   NP  0000    0.00              40000   29.701  29.704  29.707   56   46          
14775KBAF BAF2018050200170517   NP  0000    0.00              40000   29.701  29.704  29.707   56   46          
14775KBAF BAF2018050200180518   NP  0000    0.00              40000   29.700  29.702  29.705   56   46          
14775KBAF BAF2018050200190519   NP  0000    0.00              40000   29.699  29.701  29.705   57   45          
14775KBAF BAF2018050200200520   NP  0000    0.00              40000   29.699  29.702  29.705   56   45          
14775KBAF BAF2018050200210521   NP  0000    0.00              39999   29.699  29.701  29.704   56   45          
14775KBAF BAF2018050200220522   NP  0000    0.00              39999   29.699  29.701  29.704   55   45          
14775KBAF BAF2018050200230523   NP  0000    0.00              39999   29.699  29.701  29.704   55   45          
14775KBAF BAF2018050200240524   NP  0000    0.00              39999   29.699  29.701  29.704   55   45          
14775KBAF BAF2018050200250525   NP  0000    0.00              39999   29.698  29.701  29.704   55   45          
14775KBAF BAF2018050200260526   NP  0000    0.00              39999   29.698  29.700  29.703   55   46          
14775KBAF BAF2018050200270527   NP  0000    0.00              39999   29.698  29.700  29.703   55   46          
14775KBAF BAF2018050200280528   NP  0000    0.00              39999   29.698  29.700  29.703   55   46          
14775KBAF BAF2018050200290529   NP  0000    0.00              39999   29.699  29.701  29.704   55   46          
14775KBAF BAF2018050200300530   NP  0000    0.00              39999   29.699  29.701  29.704   55   47          
14775KBAF BAF2018050200310531   NP  0000    0.00              39999   29.698  29.701  29.704   55   47          
14775KBAF BAF2018050200320532   NP  0000    0.00              39999   29.698  29.700  29.703   56   46          
14775KBAF BAF2018050200330533   NP  0000    0.00              39999   29.698  29.700  29.703   56   45          
14775KBAF BAF2018050200340534   NP  0000    0.00              39999   29.697  29.699  29.703   57   44          
14775KBAF BAF2018050200350535   NP  0000    0.00              39999   29.697  29.699  29.702   57   44          
14775KBAF BAF2018050200360536   NP  0000    0.00              39999   29.696  29.698  29.701   56   44          
14775KBAF BAF2018050200370537   NP  0000    0.00              39999   29.695  29.698  29.701   56   45          
14775KBAF BAF2018050200380538   NP  0000    0.00              39999   29.696  29.698  29.701   56   45          
14775KBAF BAF2018050200390539   NP  0000    0.00              39999   29.696  29.698  29.701   55   45          
14775KBAF BAF2018050200400540   NP  0000    0.00              39999   29.696  29.698  29.701   55   45          
14775KBAF BAF2018050200410541   NP  0000    0.00              39999   29.695  29.697  29.700   56   44          
14775KBAF BAF2018050200420542   NP  0000    0.00              39999   29.695  29.697  29.700   56   44          
14775KBAF BAF2018050200430543   NP  0000    0.00              39999   29.695  29.697  29.700   56   44          
14775KBAF BAF2018050200440544   NP  0000    0.00              39999   29.695  29.697  29.700   56   45          
14775KBAF BAF2018050200450545   NP  0000    0.00              39999   29.695  29.697  29.700   55   45          
14775KBAF BAF2018050200460546   NP  0000    0.00              39999   29.695  29.697  29.700   55   46          
14775KBAF BAF2018050200470547   NP  0000    0.00              39999   29.695  29.697  29.700   55   47          
14775KBAF BAF2018050200480548   NP  0000    0.00              39999   29.694  29.696  29.699   55   47          
14775KBAF BAF2018050200490549   NP  0000    0.00              39999   29.694  29.696  29.699   54   47          
14775KBAF BAF2018050200500550   NP  0000    0.00              39999   29.693  29.695  29.699   54   47          
14775KBAF BAF2018050200510551   NP  0000    0.00              39999   29.693  29.695  29.698   53   47          
14775KBAF BAF2018050200520552   NP  0000    0.00              39999   29.693  29.695  29.698   53   46          
14775KBAF BAF2018050200530553   NP  0000    0.00              39999   29.692  29.694  29.697   53   44          
14775KBAF BAF2018050200540554   NP  0000    0.00              39999   29.692  29.694  29.697   54   44          
14775KBAF BAF2018050200550555   NP  0000    0.00              39999   29.692  29.694  29.697   54   44          
14775KBAF BAF2018050200560556   NP  0000    0.00              39999   29.691  29.694  29.697   53   44          
14775KBAF BAF2018050200570557   NP  0000    0.00              39999   29.691  29.693  29.696   52   44          
14775KBAF BAF2018050200580558   NP  0000    0.00              39998   29.691  29.693  29.696   53   44          
14775KBAF BAF2018050200590559   NP  0000    0.00              39998   29.691  29.693  29.696   51   44          
14775KBAF BAF2018050201000600   NP  0000    0.00              39998   29.691  29.693  29.696   52   44          
14775KBAF BAF2018050201010601   NP  0000    0.00              39998   29.690  29.692  29.695   53   45          
14775KBAF BAF2018050201020602   NP  0000    0.00              39998   29.689  29.691  29.694   53   45          
14775KBAF BAF2018050201030603   NP  0000    0.00              39998   29.688  29.691  29.694   54   45          
14775KBAF BAF2018050201040604   NP  0000    0.00              39998   29.688  29.690  29.693   54   45          
14775KBAF BAF2018050201050605   NP  0000    0.00              39999   29.688  29.690  29.693   55   44          
14775KBAF BAF2018050201060606   NP  0000    0.00              39999   29.687  29.689  29.692   55   44          
14775KBAF BAF2018050201070607   NP  0000    0.00              39999   29.687  29.689  29.692   55   43          
14775KBAF BAF2018050201080608   NP  0000    0.00              39999   29.686  29.688  29.691   54   43          
14775KBAF BAF2018050201090609   NP  0000    0.00              39999   29.686  29.688  29.691   54   44          
14775KBAF BAF2018050201100610   NP  0000    0.00              39999   29.686  29.688  29.691   54   43          
14775KBAF BAF2018050201110611   NP  0000    0.00              39998   29.686  29.688  29.691   54   44          
14775KBAF BAF2018050201120612   NP  0000                      39998   29.685  29.687  29.690   54   44          
14775KBAF BAF2018050201130613   NP  0000                      39998   29.685  29.687  29.690   54   44          
14775KBAF BAF2018050211091609   NP  0000    0.00              40003   29.670  29.671  29.674   85   38          
14775KBAF BAF2018050211101610   NP  0000    0.00              40003   29.669  29.671  29.674   87   40          
14775KBAF BAF2018050211111611   NP  0000    0.00              40003   29.670  29.672  29.674   86   39          
14775KBAF BAF2018050211121612   NP  0000    0.00              40003   29.670  29.672  29.675   87   39          
14775KBAF BAF2018050211131613   NP  0000    0.00              40003   29.670  29.672  29.675   87   39          
14775KBAF BAF2018050211141614   NP  0000    0.00              40003   29.669  29.671  29.674   87   40          
14775KBAF BAF2018050211151615   NP  0000    0.00              40003   29.668  29.670  29.673   87   39          
14775KBAF BAF2018050211161616   NP  0000    0.00              40003   29.669  29.671  29.674   86   39          
14775KBAF BAF2018050211171617   NP  0000    0.00              40003   29.669  29.671  29.674   86   39          
14775KBAF BAF2018050211181618   NP  0000    0.00              40003   29.669  29.670  29.673   87   39          
14775KBAF BAF2018050211191619   NP  0000    0.00              40003   29.669  29.670  29.673   86   38          
14775KBAF BAF2018050211201620   NP  0000    0.00              40003   29.669  29.671  29.674   87   39          
14775KBAF BAF2018050211211621   NP  0000    0.00              40003   29.669  29.671  29.674   86   38          
14775KBAF BAF2018050211221622   NP  0000    0.00              40003   29.668  29.670  29.673   85   38          
14775KBAF BAF2018050211231623   NP  0000    0.00              40003   29.668  29.669  29.672   86   38          
14775KBAF BAF2018050211241624   NP  0000    0.00              40003   29.666  29.668  29.671   87   39          
14775KBAF BAF2018050211251625   NP  0000    0.00              40003   29.665  29.667  29.670   86   38          
14775KBAF BAF2018050211261626   NP  0000    0.00              40003   29.664  29.666  29.669   86   39          
14775KBAF BAF2018050211271627   NP  0000    0.00              40003   29.663  29.665  29.668   86   39          
14775KBAF BAF2018050211281628   NP  0000    0.00              40003   29.664  29.666  29.669   86   39          
14775KBAF BAF2018050211291629   NP  0000    0.00              40003   29.664  29.666  29.669   86   38          
14775KBAF BAF2018050211301630   NP  0000    0.00              40003   29.662  29.664  29.667   86   39          
14775KBAF BAF2018050211311631   NP  0000    0.00              40003   29.661  29.663  29.666   87   40          
14775KBAF BAF2018050211321632   NP  0000    0.00              40003   29.662  29.664  29.666   87   40          
14775KBAF BAF2018050211331633   NP  0000    0.00              40003   29.660  29.662  29.665   89   41          
14775KBAF BAF2018050211341634   NP  0000    0.00              40003   29.660  29.661  29.664   87   40          
14775KBAF BAF2018050211351635   NP  0000    0.00              40003   29.659  29.660  29.663   87   40          
14775KBAF BAF2018050211361636   NP  0000    0.00              40003   29.659  29.661  29.664   88   40          
14775KBAF BAF2018050211371637   NP  0000    0.00              40003   29.660  29.661  29.664   86   38          
14775KBAF BAF2018050211381638   NP  0000    0.00              40003   29.660  29.661  29.664   87   39          
14775KBAF BAF2018050211391639   NP  0000    0.00              40003   29.659  29.661  29.664   87   39          
14775KBAF BAF2018050211401640   NP  0000    0.00              40003   29.658  29.660  29.663   87   39          
14775KBAF BAF2018050211411641   NP  0000    0.00              40003   29.657  29.659  29.661   88   40          
14775KBAF BAF2018050211421642   NP  0000    0.00              40003   29.656  29.658  29.661   87   39          
14775KBAF BAF2018050211431643   NP  0000    0.00              40003   29.656  29.658  29.661   86   39          
14775KBAF BAF2018050211441644   NP  0000    0.00              40003   29.655  29.657  29.660   88   40          
14775KBAF BAF2018050211451645   NP  0000    0.00              40003   29.655  29.656  29.659   88   41          
14775KBAF BAF2018050211461646   NP  0000    0.00              40003   29.655  29.657  29.659   87   40          
14775KBAF BAF2018050211471647   NP  0000    0.00              40003   29.655  29.657  29.660   89   41          
14775KBAF BAF2018050211481648   NP  0000    0.00              40003   29.656  29.657  29.660   89   40          
14775KBAF BAF2018050211491649   NP  0000    0.00              40003   29.656  29.658  29.661   88   39          
14775KBAF BAF2018050211501650   NP  0000    0.00              40002   29.656  29.658  29.660   87   39          
14775KBAF BAF2018050211511651   NP  0000    0.00              40003   29.655  29.656  29.659   87   39          
14775KBAF BAF2018050211521652   NP  0000    0.00              40003   29.655  29.657  29.660   87   39          
14775KBAF BAF2018050211531653   NP  0000    0.00              40003   29.653  29.655  29.658   88   39          
14775KBAF BAF2018050211541654   NP  0000    0.00              40003   29.653  29.654  29.657   87   38          
14775KBAF BAF2018050211551655   NP  0000    0.00              40003   29.652  29.653  29.656   87   38          
14775KBAF BAF2018050211561656   NP  0000    0.00              40003   29.651  29.653  29.656   88   39          
14775KBAF BAF2018050211571657   NP  0000    0.00              40003   29.650  29.652  29.655   87   39          
14775KBAF BAF2018050211581658   NP  0000    0.00              40003   29.650  29.651  29.654   87   39          
14775KBAF BAF2018050211591659   NP  0000    0.00              40003   29.648  29.650  29.653   87   39          
14775KBAF BAF2018050212001700   NP  0000    0.00              40003   29.648  29.650  29.653   87   39          
14775KBAF BAF2018050212011701   NP  0000    0.00              40003   29.648  29.650  29.652   87   39          
14775KBAF BAF2018050212021702   NP  0000    0.00              40003   29.647  29.649  29.652   88   39          
14775KBAF BAF2018050212031703   NP  0000    0.00              40003   29.647  29.649  29.652   87   38          
14775KBAF BAF2018050212041704   NP  0000    0.00              40003   29.647  29.649  29.652   87   38          
14775KBAF BAF2018050212051705   NP  0000    0.00              40003   29.645  29.647  29.650   87   39          
14775KBAF BAF2018050212061706   NP  0000    0.00              40003   29.645  29.647  29.649   88   39          
14775KBAF BAF2018050212071707   NP  0000    0.00              40003   29.644  29.646  29.648   89   39          
14775KBAF BAF2018050212081708   NP  0000    0.00              40003   29.644  29.646  29.649   88   38          
14775KBAF BAF2018050212091709   NP  0000    0.00              40003   29.644  29.646  29.648   90   40          
14775KBAF BAF2018050212101710   NP  0000    0.00              40003   29.644  29.646  29.649   89   39          
14775KBAF BAF2018050212111711   NP  0000    0.00              40003   29.645  29.647  29.649   88   39          
14775KBAF BAF2018050212121712   NP  0000    0.00              40002   29.643  29.645  29.648   89   40          
14775KBAF BAF2018050212131713   NP  0000    0.00              40002   29.645  29.647  29.650   89   39          
14775KBAF BAF2018050212141714   NP  0000    0.00              40002   29.645  29.646  29.649   89   38          
14775KBAF BAF2018050212151715   NP  0000    0.00              40002   29.645  29.647  29.649   90   40          
14775KBAF BAF2018050212161716   NP  0000    0.00              40002   29.645  29.647  29.649   89   39          
14775KBAF BAF2018050212171717   NP  0000    0.00              40002   29.645  29.646  29.649   89   40          
14775KBAF BAF2018050212181718   NP  0000    0.00              40002   29.644  29.646  29.648   89   39          
14775KBAF BAF2018050212191719   NP  0000    0.00              40002   29.644  29.646  29.649   88   37          
14775KBAF BAF2018050212201720   NP  0000    0.00              40002   29.644  29.645  29.648   88   37          
14775KBAF BAF2018050212211721   NP  0000    0.00              40002   29.644  29.646  29.648   88   38          
14775KBAF BAF2018050212221722   NP  0000    0.00              40002   29.643  29.644  29.647   89   39          
14775KBAF BAF2018050212231723   NP  0000    0.00              40002   29.642  29.644  29.647   89   38          
14775KBAF BAF2018050212241724   NP  0000    0.00              40002   29.642  29.643  29.646   88   38          
14775KBAF BAF2018050212251725   NP  0000    0.00              40002   29.640  29.642  29.645   89   39          
14775KBAF BAF2018050212261726   NP  0000    0.00              40002   29.641  29.643  29.646   90   38          
14775KBAF BAF2018050212271727   NP  0000    0.00              40002   29.642  29.644  29.647   89   37          
14775KBAF BAF2018050212281728   NP  0000    0.00              40002   29.641  29.643  29.646   89   37          
14775KBAF BAF2018050212291729   NP  0000    0.00              40002   29.643  29.644  29.647   89   38          
14775KBAF BAF2018050212301730   NP  0000    0.00              40002   29.644  29.645  29.648   90   39          
14775KBAF BAF2018050212311731   NP  0000    0.00              40002   29.643  29.644  29.647   90   37          
14775KBAF BAF2018050212321732   NP  0000    0.00              40002   29.641  29.643  29.646   88   37          
14775KBAF BAF2018050212331733   NP  0000    0.00              40002   29.641  29.643  29.645   89   37          
14775KBAF BAF2018050212341734   NP  0000    0.00              40002   29.641  29.643  29.645   90   38          
14775KBAF BAF2018050212351735   NP  0000    0.00              40002   29.640  29.642  29.645   89   36          
14775KBAF BAF2018050212361736   NP  0000    0.00              40002   29.641  29.642  29.645   89   36          
14775KBAF BAF2018050212371737   NP  0000    0.00              40002   29.640  29.642  29.645   90   38          
14775KBAF BAF2018050212381738   NP  0000    0.00              40002   29.640  29.641  29.644   90   38          
14775KBAF BAF2018050212391739   NP  0000    0.00              40002   29.639  29.641  29.644   89   37          
14775KBAF BAF2018050212401740   NP  0000    0.00              40002   29.639  29.641  29.644   90   37          
14775KBAF BAF2018050212411741   NP  0000    0.00              40002   29.639  29.640  29.643   90   37          
14775KBAF BAF2018050212421742   NP  0000    0.00              40002   29.638  29.640  29.643   89   37          
14775KBAF BAF2018050212431743   NP  0000    0.00              40002   29.638  29.640  29.642   89   36          
14775KBAF BAF2018050212441744   NP  0000    0.00              40002   29.636  29.637  29.640   89   36          
14775KBAF BAF2018050212451745   NP  0000    0.00              40002   29.636  29.637  29.640   90   37          
14775KBAF BAF2018050212461746   NP  0000    0.00              40002   29.636  29.638  29.641   89   36          
14775KBAF BAF2018050212471747   NP  0000    0.00              40002   29.636  29.638  29.641   91   38          
14775KBAF BAF2018050212481748   NP  0000    0.00              40002   29.636  29.638  29.641   90   37          
14775KBAF BAF2018050212491749   NP  0000    0.00              40002   29.631  29.633  29.636   89   36          
14775KBAF BAF2018050212501750   NP  0000    0.00              40002   29.633  29.635  29.638   89   35          
14775KBAF BAF2018050212511751   NP  0000    0.00              40002   29.634  29.636  29.639   90   35          
14775KBAF BAF2018050212521752   NP  0000    0.00              40002   29.635  29.636  29.639   90   36          
14775KBAF BAF2018050212531753   NP  0000    0.00              40002   29.634  29.636  29.638   90   35          
14775KBAF BAF2018050212541754   NP  0000    0.00              40002   29.633  29.635  29.637   90   35          
14775KBAF BAF2018050212551755   NP  0000    0.00              40002   29.631  29.633  29.636   89   35          
14775KBAF BAF2018050212561756   NP  0000    0.00              40002   29.630  29.631  29.634   89   35          
14775KBAF BAF2018050212571757   NP  0000    0.00              40002   29.629  29.631  29.634   89   34          
14775KBAF BAF2018050212581758   NP  0000    0.00              40002   29.629  29.630  29.633   89   35          
14775KBAF BAF2018050212591759   NP  0000    0.00              40002   29.628  29.630  29.633   90   36          
14775KBAF BAF2018050213001800   NP  0000    0.00              40002   29.631  29.632  29.635   89   35          
14775KBAF BAF2018050213011801   NP  0000    0.00              40002   29.628  29.630  29.633   90   35          
14775KBAF BAF2018050213021802   NP  0000    0.00              40002   29.629  29.631  29.634   90   37          
14775KBAF BAF2018050213031803   NP  0000    0.00              40002   29.629  29.631  29.634   88   36          
14775KBAF BAF2018050213041804   NP  0000    0.00              40002   29.628  29.629  29.632   90   37          
14775KBAF BAF2018050213051805   NP  0000    0.00              40002   29.626  29.627  29.630   90   38          
14775KBAF BAF2018050213061806   NP  0000    0.00              40002   29.625  29.627  29.630   88   36          
14775KBAF BAF2018050213071807   NP  0000    0.00              40002   29.627  29.628  29.631   89   37          
14775KBAF BAF2018050213081808   NP  0000    0.00              40002   29.627  29.629  29.631   90   37          
14775KBAF BAF2018050213091809   NP  0000    0.00              40002   29.627  29.628  29.631   89   37          
14775KBAF BAF2018050213101810   NP  0000    0.00              40002   29.625  29.627  29.630   89   37          
14775KBAF BAF2018050213111811   NP  0000    0.00              40002   29.625  29.627  29.630   91   38          
14775KBAF BAF2018050213121812   NP  0000    0.00              40002   29.624  29.626  29.629   90   37          
14775KBAF BAF2018050213131813   NP  0000    0.00              40002   29.624  29.626  29.628   91   37          
14775KBAF BAF2018050213141814   NP  0000    0.00              40002   29.623  29.625  29.628   90   36          
14775KBAF BAF2018050213151815   NP  0000    0.00              40002   29.624  29.625  29.628   90   35          
14775KBAF BAF2018050213161816   NP  0000    0.00              40002   29.623  29.625  29.628   89   35          
14775KBAF BAF2018050213171817   NP  0000    0.00              40002   29.623  29.625  29.627   89   35          
14775KBAF BAF2018050213181818   NP  0000    0.00              40002   29.622  29.624  29.626   90   36          
14775KBAF BAF2018050213191819   NP  0000    0.00              40002   29.622  29.623  29.626   90   36          
14775KBAF BAF2018050213201820   NP  0000    0.00              40002   29.622  29.624  29.626   90   36          
14775KBAF BAF2018050213211821   NP  0000    0.00              40002   29.622  29.623  29.626   90   36          
14775KBAF BAF2018050213221822   NP  0000    0.00              40002   29.620  29.622  29.625   90   36          
14775KBAF BAF2018050213231823   NP  0000    0.00              40002   29.620  29.621  29.624   90   36          
14775KBAF BAF2018050213241824   NP  0000    0.00              40002   29.620  29.621  29.624   90   37          
14775KBAF BAF2018050213251825   NP  0000    0.00              40002   29.620  29.621  29.624   89   36          
14775KBAF BAF2018050213261826   NP  0000    0.00              40002   29.619  29.621  29.624   89   36          
14775KBAF BAF2018050213271827   NP  0000    0.00              40002   29.619  29.621  29.624   90   37          
14775KBAF BAF2018050213281828   NP  0000    0.00              40002   29.618  29.620  29.623   90   36          
14775KBAF BAF2018050213291829   NP  0000    0.00              40001   29.618  29.620  29.623   91   37          
14775KBAF BAF2018050213301830   NP  0000    0.00              40001   29.618  29.620  29.623   91   36          
14775KBAF BAF2018050213311831   NP  0000    0.00              40001   29.616  29.618  29.620   90   35          
14775KBAF BAF2018050213321832   NP  0000    0.00              40001   29.617  29.619  29.621   92   37          
14775KBAF BAF2018050213331833   NP  0000    0.00              40001   29.619  29.621  29.623   91   36          
14775KBAF BAF2018050213341834   NP  0000    0.00              40001   29.617  29.619  29.622   90   35          
14775KBAF BAF2018050213351835   NP  0000    0.00              40001   29.616  29.618  29.621   90   34          
14775KBAF BAF2018050213361836   NP  0000    0.00              40001   29.616  29.618  29.620   90   34          
14775KBAF BAF2018050213371837   NP  0000    0.00              40002   29.616  29.617  29.620   91   35          
14775KBAF BAF2018050213381838   NP  0000    0.00              40002   29.616  29.617  29.620   90   35          
14775KBAF BAF2018050213391839   NP  0000    0.00              40001   29.615  29.617  29.619   90   35          
14775KBAF BAF2018050213401840   NP  0000    0.00              40001   29.615  29.616  29.619   90   35          
14775KBAF BAF2018050213411841   NP  0000    0.00              40002   29.614  29.615  29.618   90   35          
14775KBAF BAF2018050213421842   NP  0000    0.00              40002   29.612  29.614  29.616   90   35          
14775KBAF BAF2018050213431843   NP  0000    0.00              40002   29.612  29.613  29.616   91   37          
14775KBAF BAF2018050213441844   NP  0000    0.00              40002   29.611  29.612  29.615   91   36          
14775KBAF BAF2018050213451845   NP  0000    0.00              40002   29.610  29.612  29.615   90   35          
14775KBAF BAF2018050213461846   NP  0000    0.00              40002   29.609  29.611  29.613   90   36          
14775KBAF BAF2018050213471847   NP  0000    0.00              40001   29.608  29.610  29.613   91   37          
14775KBAF BAF2018050213481848   NP  0000    0.00              40002   29.608  29.610  29.612   90   36          
14775KBAF BAF2018050213491849   NP  0000    0.00              40001   29.609  29.611  29.613   90   36          
14775KBAF BAF2018050213501850   NP  0000    0.00              40001   29.608  29.610  29.613   90   36          
14775KBAF BAF2018050213511851   NP  0000    0.00              40001   29.608  29.609  29.612   91   35          
14775KBAF BAF2018050213521852   NP  0000    0.00              40001   29.607  29.609  29.612   92   36          
14775KBAF BAF2018050213531853   NP  0000    0.00              40001   29.607  29.608  29.611   90   34          
14775KBAF BAF2018050213541854   NP  0000    0.00              40001   29.607  29.608  29.611   91   36          
14775KBAF BAF2018050213551855   NP  0000    0.00              40002   29.607  29.608  29.611   90   35          
14775KBAF BAF2018050213561856   NP  0000    0.00              40001   29.605  29.606  29.609   90   35          
14775KBAF BAF2018050213571857   NP  0000    0.00              40002   29.604  29.606  29.609   90   35          
14775KBAF BAF2018050213581858   NP  0000    0.00              40002   29.605  29.607  29.609   89   34          
14775KBAF BAF2018050213591859   NP  0000    0.00              40001   29.605  29.606  29.609   91   36          
14775KBAF BAF2018050214001900   NP  0000    0.00              40002   29.604  29.606  29.609   90   35          
14775KBAF BAF2018050214011901   NP  0000    0.00              40001   29.605  29.607  29.609   91   36          
14775KBAF BAF2018050214021902   NP  0000    0.00              40001   29.604  29.606  29.609   91   35          
14775KBAF BAF2018050214031903   NP  0000    0.00              40001   29.603  29.605  29.608   90   32          
14775KBAF BAF2018050214041904   NP  0000    0.00              40001   29.603  29.604  29.607   91   34          
14775KBAF BAF2018050214051905   NP  0000    0.00              40002   29.603  29.604  29.607   90   33          
14775KBAF BAF2018050214061906   NP  0000    0.00              40001   29.603  29.604  29.607   90   33          
14775KBAF BAF2018050214071907   NP  0000    0.00              40002   29.602  29.604  29.607   90   34          
14775KBAF BAF2018050214081908   NP  0000    0.00              40001   29.602  29.604  29.606   91   33          
14775KBAF BAF2018050214091909   NP  0000    0.00              40002   29.602  29.604  29.607   91   33          
14775KBAF BAF2018050214101910   NP  0000    0.00              40001   29.602  29.603  29.606   91   33          
14775KBAF BAF2018050214111911   NP  0000    0.00              40001   29.601  29.603  29.606   90   31          
14775KBAF BAF2018050214121912   NP  0000    0.00              40001   29.600  29.602  29.605   90   31          
14775KBAF BAF2018050214131913   NP  0000    0.00              40002   29.600  29.601  29.604   91   33          
14775KBAF BAF2018050214141914   NP  0000    0.00              40002   29.600  29.601  29.604   91   33          
14775KBAF BAF2018050214151915   NP  0000    0.00              40002   29.600  29.602  29.605   91   33          
14775KBAF BAF2018050214161916   NP  0000    0.00              40001   29.600  29.601  29.604   91   32          
14775KBAF BAF2018050214171917   NP  0000    0.00              40001   29.597  29.599  29.602   91   32          
14775KBAF BAF2018050214181918   NP  0000    0.00              40001   29.598  29.599  29.602   90   32          
14775KBAF BAF2018050214191919   NP  0000    0.00              40002   29.598  29.600  29.602   90   31          
14775KBAF BAF2018050214201920   NP  0000    0.00              40002   29.600  29.602  29.604   90   32          
14775KBAF BAF2018050214211921   NP  0000    0.00              40002   29.600  29.601  29.604   91   33          
14775KBAF BAF2018050214221922   NP  0000    0.00              40002   29.599  29.601  29.604   91   34          
14775KBAF BAF2018050214231923   NP  0000    0.00              40002   29.598  29.599  29.602   91   33          
14775KBAF BAF2018050214241924   NP  0000    0.00              40002   29.597  29.599  29.601   90   34          
14775KBAF BAF2018050214251925   NP  0000    0.00              40002   29.597  29.599  29.602   90   33          
14775KBAF BAF2018050214261926   NP  0000    0.00              40002   29.598  29.600  29.603   90   33          
14775KBAF BAF2018050214271927   NP  0000    0.00              40002   29.597  29.598  29.601   90   33          
14775KBAF BAF2018050214281928   NP  0000    0.00              40002   29.596  29.597  29.600   90   34          
14775KBAF BAF2018050214291929   NP  0000    0.00              40002   29.598  29.599  29.602   90   33          
14775KBAF BAF2018050214301930   NP  0000    0.00              40002   29.598  29.600  29.602   90   33          
14775KBAF BAF2018050214311931   NP  0000    0.00              40002   29.598  29.599  29.602   90   32          
14775KBAF BAF2018050214321932   NP  0000    0.00              40002   29.596  29.598  29.601   90   33          
14775KBAF BAF2018050214331933   NP  0000    0.00              40002   29.595  29.596  29.599   89   32          
14775KBAF BAF2018050214341934   NP  0000    0.00              40002   29.596  29.597  29.600   90   33          
14775KBAF BAF2018050214351935   NP  0000    0.00              40002   29.596  29.598  29.601   91   34          
14775KBAF BAF2018050214361936   NP  0000    0.00              40002   29.596  29.598  29.600   90   33          
14775KBAF BAF2018050214371937   NP  0000    0.00              40002   29.596  29.598  29.601   90   32          
14775KBAF BAF2018050214381938   NP  0000    0.00              40002   29.597  29.598  29.601   91   33          
14775KBAF BAF2018050214391939   NP  0000    0.00              40002   29.596  29.598  29.600   90   33          
14775KBAF BAF2018050214401940   NP  0000    0.00              40002   29.596  29.597  29.600   91   34          
14775KBAF BAF2018050214411941   NP  0000    0.00              40002   29.596  29.597  29.600   90   33          
14775KBAF BAF2018050214421942   NP  0000    0.00              40002   29.595  29.596  29.599   90   33          
14775KBAF BAF2018050214431943   NP  0000    0.00              40002   29.594  29.596  29.598   90   33          
14775KBAF BAF2018050214441944   NP  0000    0.00              40002   29.593  29.595  29.597   90   33          
14775KBAF BAF2018050214451945   NP  0000    0.00              40002   29.592  29.593  29.596   90   33          
14775KBAF BAF2018050214461946   NP  0000    0.00              40002   29.591  29.593  29.596   90   33          
14775KBAF BAF2018050214471947   NP  0000    0.00              40002   29.592  29.594  29.596   90   33          
14775KBAF BAF2018050214481948   NP  0000    0.00              40002   29.591  29.593  29.596   91   34          
14775KBAF BAF2018050214491949   NP  0000    0.00              40002   29.587  29.589  29.592   91   33          
14775KBAF BAF2018050214501950   NP  0000    0.00              40002   29.583  29.585  29.587   90   32          
14775KBAF BAF2018050214511951   NP  0000    0.00              40002   29.584  29.586  29.588   90   31          
14775KBAF BAF2018050214521952   NP  0000    0.00              40001   29.585  29.586  29.589   91   33          
14775KBAF BAF2018050214531953   NP  0000    0.00              40002   29.587  29.588  29.591   91   32          
14775KBAF BAF2018050214541954   NP  0000    0.00              40001   29.589  29.590  29.593   91   32          
14775KBAF BAF2018050214551955   NP  0000    0.00              40002   29.588  29.590  29.592   91   32          
14775KBAF BAF2018050214561956   NP  0000    0.00              40002   29.587  29.588  29.591   91   32          
14775KBAF BAF2018050214571957   NP  0000    0.00              40002   29.587  29.588  29.591   91   33          
14775KBAF BAF2018050214581958   NP  0000    0.00              40002   29.585  29.587  29.590   91   32          
14775KBAF BAF2018050214591959   NP  0000    0.00              40002   29.585  29.586  29.589   89   30          
14775KBAF BAF2018050215002000   NP  0000    0.00              40001   29.585  29.587  29.589   89   30          
14775KBAF BAF2018050215012001   NP  0000    0.00              40002   29.585  29.587  29.589   90   31          
14775KBAF BAF2018050215022002   NP  0000    0.00              40002   29.586  29.587  29.590   89   31          
14775KBAF BAF2018050215032003   NP  0000    0.00              40002   29.585  29.586  29.589   89   31          
14775KBAF BAF2018050215042004   NP  0000    0.00              40002   29.584  29.586  29.588   89   31          
14775KBAF BAF2018050215052005   NP  0000    0.00              40002   29.584  29.586  29.588   90   32          
14775KBAF BAF2018050215062006   NP  0000    0.00              40002   29.583  29.585  29.587   90   32          
14775KBAF BAF2018050215072007   NP  0000    0.00              40002   29.585  29.586  29.589   90   32          
14775KBAF BAF2018050215082008   NP  0000    0.00              40002   29.586  29.587  29.590   90   33          
14775KBAF BAF2018050215092009   NP  0000    0.00              40002   29.586  29.587  29.590   90   32          
14775KBAF BAF2018050215102010   NP  0000    0.00              40002   29.586  29.588  29.590   90   31          
14775KBAF BAF2018050215112011   NP  0000    0.00              40002   29.586  29.587  29.590   90   32          
14775KBAF BAF2018050215122012   NP  0000    0.00              40002   29.585  29.587  29.589   89   30          
14775KBAF BAF2018050215132013   NP  0000    0.00              40002   29.584  29.586  29.588   90   31          
14775KBAF BAF2018050215142014   NP  0000    0.00              40002   29.583  29.585  29.588   89   30          
14775KBAF BAF2018050215152015   NP  0000    0.00              40002   29.583  29.585  29.587   89   31          
14775KBAF BAF2018050215162016   NP  0000    0.00              40002   29.582  29.584  29.587   90   31          
14775KBAF BAF2018050215172017   NP  0000    0.00              40002   29.584  29.585  29.588   90   31          
14775KBAF BAF2018050215182018   NP  0000    0.00              40002   29.583  29.584  29.587   90   31          
14775KBAF BAF2018050215192019   NP  0000    0.00              40002   29.583  29.584  29.587   90   31          
14775KBAF BAF2018050215202020   NP  0000    0.00              40002   29.584  29.586  29.588   90   30          
14775KBAF BAF2018050215212021   NP  0000    0.00              40002   29.586  29.587  29.590   89   30          
14775KBAF BAF2018050215222022   NP  0000    0.00              40002   29.585  29.587  29.589   90   30          
14775KBAF BAF2018050215232023   NP  0000    0.00              40002   29.585  29.587  29.589   89   30          
14775KBAF BAF2018050215242024   NP  0000    0.00              40002   29.586  29.587  29.590   90   32          
14775KBAF BAF2018050215252025   NP  0000    0.00              40002   29.584  29.585  29.588   89   30          
14775KBAF BAF2018050215262026   NP  0000    0.00              40002   29.583  29.585  29.588   90   31          
14775KBAF BAF2018050215272027   NP  0000    0.00              40002   29.583  29.585  29.588   89   30          
14775KBAF BAF2018050215282028   NP  0000    0.00              40002   29.585  29.587  29.590   89   31          
14775KBAF BAF2018050215292029   NP  0000    0.00              40002   29.582  29.584  29.586   89   31          
14775KBAF BAF2018050215302030   NP  0000    0.00              40002   29.583  29.584  29.587   89   30          
14775KBAF BAF2018050215312031   NP  0000    0.00              40002   29.582  29.584  29.587   89   30          
14775KBAF BAF2018050215322032   NP  0000    0.00              40002   29.583  29.585  29.587   89   30          
14775KBAF BAF2018050215332033   NP  0000    0.00              40002   29.584  29.585  29.588   89   30          
14775KBAF BAF2018050215342034   NP  0000    0.00              40002   29.583  29.585  29.587   89   30          
14775KBAF BAF2018050215352035   NP  0000    0.00              40002   29.582  29.584  29.587   89   31          
14775KBAF BAF2018050215362036   NP  0000    0.00              40002   29.582  29.584  29.587   88   29          
14775KBAF BAF2018050215372037   NP  0000    0.00              40002   29.582  29.583  29.586   89   31          
14775KBAF BAF2018050215382038   NP  0000    0.00              40002   29.581  29.582  29.585   89   30          
14775KBAF BAF2018050215392039   NP  0000    0.00              40002   29.579  29.581  29.583   89   31          
14775KBAF BAF2018050215402040   NP  0000    0.00              40002   29.579  29.581  29.584   89   31          
14775KBAF BAF2018050215412041   NP  0000    0.00              40002   29.578  29.580  29.583   89   30          
14775KBAF BAF2018050215422042   NP  0000    0.00              40003   29.580  29.582  29.584   89   31          
14775KBAF BAF2018050215432043   NP  0000    0.00              40003   29.579  29.581  29.583   89   32          
14775KBAF BAF2018050215442044   NP  0000    0.00              40002   29.578  29.580  29.582   89   29          
14775KBAF BAF2018050215452045   NP  0000    0.00              40003   29.578  29.580  29.583   89   31          
14775KBAF BAF2018050215462046   NP  0000    0.00              40003   29.578  29.580  29.582   89   30          
14775KBAF BAF2018050215472047   NP  0000    0.00              40003   29.579  29.580  29.583   89   30          
14775KBAF BAF2018050215482048   NP  0000    0.00              40002   29.579  29.581  29.584   89   30          
14775KBAF BAF2018050215492049   NP  0000    0.00              40002   29.578  29.580  29.583   89   30          
14775KBAF BAF2018050215502050   NP  0000    0.00              40003   29.576  29.577  29.580   89   30          
14775KBAF BAF2018050215512051   NP  0000    0.00              40002   29.575  29.577  29.580   89   29          
14775KBAF BAF2018050215522052   NP  0000    0.00              40002   29.578  29.579  29.582   89   30          
14775KBAF BAF2018050215532053   NP  0000    0.00              40002   29.578  29.580  29.582   89   30          
14775KBAF BAF2018050215542054   NP  0000    0.00              40003   29.576  29.579  29.581   89   31          
14775KBAF BAF2018050215552055   NP  0000    0.00              40002   29.578  29.580  29.583   89   30          
14775KBAF BAF2018050215562056   NP  0000    0.00              40002   29.577  29.579  29.582   89   29          
14775KBAF BAF2018050215572057   NP  0000    0.00              40002   29.577  29.579  29.582   89   29          
14775KBAF BAF2018050215582058   NP  0000    0.00              40003   29.577  29.578  29.581   89   29          
14775KBAF BAF2018050215592059   NP  0000    0.00              40003   29.576  29.578  29.581   89   29          
14775KBAF BAF2018050216002100   NP  0000    0.00              40002   29.577  29.578  29.581   89   29          
14775KBAF BAF2018050216012101   NP  0000    0.00              40002   29.577  29.579  29.581   89   30          
14775KBAF BAF2018050216022102   NP  0000    0.00              40002   29.577  29.579  29.581   89   29          
14775KBAF BAF2018050216032103   NP  0000    0.00              40002   29.576  29.578  29.581   89   29          
14775KBAF BAF2018050216042104   NP  0000    0.00              40003   29.578  29.580  29.583   89   29          
14775KBAF BAF2018050216052105   NP  0000    0.00              40003   29.578  29.579  29.582   89   29          
14775KBAF BAF2018050216062106   NP  0000    0.00              40003   29.576  29.578  29.580   89   29          
14775KBAF BAF2018050216072107   NP  0000    0.00              40003   29.577  29.578  29.581   89   29          
14775KBAF BAF2018050216082108   NP  0000    0.00              40003   29.575  29.577  29.580   89   30          
14775KBAF BAF2018050216092109   NP  0000    0.00              40003   29.576  29.578  29.580   89   29          
14775KBAF BAF2018050216102110   NP  0000    0.00              40002   29.575  29.577  29.580   89   29          
14775KBAF BAF2018050216112111   NP  0000    0.00              40003   29.576  29.577  29.580   89   29          
14775KBAF BAF2018050216122112   NP  0000    0.00              40003   29.575  29.577  29.579   89   29          
14775KBAF BAF2018050216132113   NP  0000    0.00              40002   29.572  29.574  29.577   89   29          
14775KBAF BAF2018050216142114   NP  0000    0.00              40002   29.573  29.575  29.578   89   29          
14775KBAF BAF2018050216152115   NP  0000    0.00              40002   29.574  29.576  29.578   89   28          
14775KBAF BAF2018050216162116   NP  0000    0.00              40002   29.573  29.575  29.577   89   27          
14775KBAF BAF2018050216172117   NP  0000    0.00              40002   29.573  29.574  29.577   89   27          
14775KBAF BAF2018050216182118   NP  0000    0.00              40002   29.574  29.575  29.578   89   28          
14775KBAF BAF2018050216192119   NP  0000    0.00              40003   29.574  29.576  29.578   89   28          
14775KBAF BAF2018050216202120   NP  0000    0.00              40003   29.574  29.575  29.578   89   28          
14775KBAF BAF2018050216212121   NP  0000    0.00              40002   29.573  29.574  29.577   89   28          
14775KBAF BAF2018050216222122   NP  0000    0.00              40003   29.571  29.572  29.575   89   27          
14775KBAF BAF2018050216232123   NP  0000    0.00              40003   29.572  29.574  29.576   89   28          
14775KBAF BAF2018050216242124   NP  0000    0.00              40003   29.572  29.574  29.577   89   28          
14775KBAF BAF2018050216252125   NP  0000    0.00              40003   29.573  29.574  29.577   89   29          
14775KBAF BAF2018050216262126   NP  0000    0.00              40002   29.571  29.572  29.575   89   28          
14775KBAF BAF2018050216272127   NP  0000    0.00              40002   29.569  29.571  29.573   89   28          
14775KBAF BAF2018050216282128   NP  0000    0.00              40002   29.569  29.570  29.573   89   29          
14775KBAF BAF2018050216292129   NP  0000    0.00              40002   29.571  29.572  29.575   89   29          
14775KBAF BAF2018050216302130   NP  0000    0.00              40002   29.571  29.573  29.575   89   29          
14775KBAF BAF2018050216312131   NP  0000    0.00              40002   29.570  29.571  29.574   89   29          
14775KBAF BAF2018050216322132   NP  0000    0.00              40002   29.570  29.571  29.574   89   28          
14775KBAF BAF2018050216332133   NP  0000    0.00              40002   29.570  29.571  29.574   89   28          
14775KBAF BAF2018050216342134   NP  0000    0.00              40003   29.569  29.571  29.573   89   28          
14775KBAF BAF2018050216352135   NP  0000    0.00              40003   29.570  29.572  29.574   89   30          
14775KBAF BAF2018050216362136   NP  0000    0.00              40003   29.569  29.571  29.574   89   30          
14775KBAF BAF2018050216372137   NP  0000    0.00              40003   29.570  29.572  29.574   89   30          
14775KBAF BAF2018050216382138   NP  0000    0.00              40003   29.570  29.572  29.574   89   29          
14775KBAF BAF2018050216392139   NP  0000    0.00              40002   29.571  29.572  29.575   89   29          
14775KBAF BAF2018050216402140   NP  0000    0.00              40002   29.571  29.572  29.575   88   29          
14775KBAF BAF2018050216412141   NP  0000    0.00              40002   29.570  29.572  29.574   88   29          
14775KBAF BAF2018050216422142   NP  0000    0.00              40002   29.569  29.570  29.573   88   29          
14775KBAF BAF2018050216432143   NP  0000    0.00              40003   29.568  29.569  29.572   89   30          
14775KBAF BAF2018050216442144   NP  0000    0.00              40003   29.567  29.569  29.571   89   30          
14775KBAF BAF2018050216452145   NP  0000    0.00              40003   29.567  29.569  29.571   89   30          
14775KBAF BAF2018050216462146   NP  0000    0.00              40003   29.567  29.569  29.572   88   30          
14775KBAF BAF2018050216472147   NP  0000    0.00              40003   29.567  29.569  29.571   88   31          
14775KBAF BAF2018050216482148   NP  0000    0.00              40003   29.566  29.567  29.570   88   31          
14775KBAF BAF2018050216492149   NP  0000    0.00              40003   29.566  29.567  29.570   88   29          
14775KBAF BAF2018050216502150   NP  0000    0.00              40003   29.565  29.566  29.569   88   30          
14775KBAF BAF2018050216512151   NP  0000    0.00              40003   29.564  29.566  29.568   88   31          
14775KBAF BAF2018050216522152   NP  0000    0.00              40003   29.564  29.566  29.568   88   31          
14775KBAF BAF2018050216532153   NP  0000    0.00              40002   29.564  29.565  29.568   88   30          
14775KBAF BAF2018050216542154   NP  0000    0.00              40002   29.565  29.567  29.569   88   29          
14775KBAF BAF2018050216552155   NP  0000    0.00              40003   29.565  29.567  29.569   88   29          
14775KBAF BAF2018050216562156   NP  0000    0.00              40002   29.565  29.567  29.569   88   30          
14775KBAF BAF2018050216572157   NP  0000    0.00              40003   29.565  29.566  29.569   87   31          
14775KBAF BAF2018050216582158   NP  0000    0.00              40003   29.565  29.566  29.569   88   31          
14775KBAF BAF2018050216592159   NP  0000    0.00              40003   29.564  29.565  29.568   88   30          
14775KBAF BAF2018050217002200   NP  0000    0.00              40003   29.565  29.566  29.569   88   30          
14775KBAF BAF2018050217012201   NP  0000    0.00              40003   29.565  29.567  29.569   88   30          
14775KBAF BAF2018050217022202   NP  0000    0.00              40003   29.565  29.567  29.570   88   31          
14775KBAF BAF2018050217032203   NP  0000    0.00              40003   29.566  29.567  29.570   88   31          
14775KBAF BAF2018050217042204   NP  0000    0.00              40003   29.567  29.569  29.571   88   31          
14775KBAF BAF2018050217052205   NP  0000    0.00              40003   29.564  29.565  29.568   88   32          
14775KBAF BAF2018050217062206   NP  0000    0.00              40003   29.564  29.566  29.568   88   32          
14775KBAF BAF2018050217072207   NP  0000    0.00              40003   29.565  29.566  29.569   88   30          
14775KBAF BAF2018050217082208   NP  0000    0.00              40003   29.564  29.566  29.568   88   31          
14775KBAF BAF2018050217092209   NP  0000    0.00              40003   29.563  29.564  29.567   88   31          
14775KBAF BAF2018050217102210   NP  0000    0.00              40003   29.565  29.566  29.569   88   31          
14775KBAF BAF2018050217112211   NP  0000    0.00              40003   29.563  29.564  29.567   88   31          
14775KBAF BAF2018050217122212   NP  0000    0.00              40003   29.563  29.564  29.567   88   31          
14775KBAF BAF2018050217132213   NP  0000    0.00              40003   29.564  29.565  29.568   88   30          
14775KBAF BAF2018050217142214   NP  0000    0.00              40003   29.565  29.567  29.569   88   28          
14775KBAF BAF2018050217152215   NP  0000    0.00              40003   29.564  29.566  29.569   88   29          
14775KBAF BAF2018050217162216   NP  0000    0.00              40003   29.563  29.565  29.568   88   28          
14775KBAF BAF2018050217172217   NP  0000    0.00              40003   29.565  29.567  29.570   88   28          
14775KBAF BAF2018050217182218   NP  0000    0.00              40003   29.565  29.566  29.569   88   28          
14775KBAF BAF2018050217192219   NP  0000    0.00              40003   29.566  29.567  29.570   88   28          
14775KBAF BAF2018050217202220   NP  0000    0.00              40003   29.565  29.567  29.570   88   27          
14775KBAF BAF2018050217212221   NP  0000    0.00              40003   29.567  29.568  29.571   88   26          
14775KBAF BAF2018050217222222   NP  0000    0.00              40003   29.567  29.569  29.572   88   27          
14775KBAF BAF2018050217232223   NP  0000    0.00              40003   29.568  29.569  29.572   88   27          
14775KBAF BAF2018050217242224   NP  0000    0.00              40003   29.567  29.569  29.572   88   28          
14775KBAF BAF2018050217252225   NP  0000    0.00              40003   29.568  29.569  29.572   88   27          
14775KBAF BAF2018050217262226   NP  0000    0.00              40003   29.568  29.570  29.572   88   27          
14775KBAF BAF2018050217272227   NP  0000    0.00              40003   29.567  29.569  29.572   88   28          
14775KBAF BAF2018050217282228   NP  0000    0.00              40003   29.567  29.569  29.572   88   27          
14775KBAF BAF2018050217292229   NP  0000    0.00              40003   29.567  29.569  29.572   88   28          
14775KBAF BAF2018050217302230   NP  0000    0.00              40003   29.568  29.569  29.572   88   27          
14775KBAF BAF2018050217312231   NP  0000    0.00              40003   29.568  29.569  29.572   88   28          
14775KBAF BAF2018050217322232   NP  0000    0.00              40003   29.569  29.570  29.573   88   29          
14775KBAF BAF2018050217332233   NP  0000    0.00              40003   29.569  29.571  29.574   88   28          
14775KBAF BAF2018050217342234   NP  0000    0.00              40003   29.569  29.571  29.573   88   28          
14775KBAF BAF2018050217352235   NP  0000    0.00              40003   29.570  29.572  29.574   88   27          
14775KBAF BAF2018050217362236   NP  0000    0.00              40003   29.570  29.572  29.575   88   29          
14775KBAF BAF2018050217372237   NP  0000    0.00              40003   29.570  29.572  29.574   88   29          
14775KBAF BAF2018050217382238   NP  0000    0.00              40003   29.571  29.572  29.575   88   29          
14775KBAF BAF2018050217392239   NP  0000    0.00              40003   29.571  29.573  29.575   88   29          
14775KBAF BAF2018050217402240   NP  0000    0.00              40003   29.571  29.573  29.576   87   29          
14775KBAF BAF2018050217412241   NP  0000    0.00              40003   29.573  29.575  29.577   88   29          
14775KBAF BAF2018050217422242   NP  0000    0.00              40003   29.573  29.574  29.577   87   29          
14775KBAF BAF2018050217432243   NP  0000    0.00              40003   29.573  29.575  29.577   88   29          
14775KBAF BAF2018050217442244   NP  0000    0.00              40003   29.574  29.575  29.578   88   29          
14775KBAF BAF2018050217452245   NP  0000    0.00              40003   29.573  29.575  29.578   88   29          
14775KBAF BAF2018050217462246   NP  0000    0.00              40003   29.574  29.575  29.578   88   29          
14775KBAF BAF2018050217472247   NP  0000    0.00              40003   29.573  29.575  29.578   88   30          
14775KBAF BAF2018050217482248   NP  0000    0.00              40003   29.573  29.575  29.577   88   29          
14775KBAF BAF2018050217492249   NP  0000    0.00              40003   29.574  29.575  29.578   88   29          
14775KBAF BAF2018050217502250   NP  0000    0.00              40003   29.574  29.576  29.578   88   29          
14775KBAF BAF2018050217512251   NP  0000    0.00              40003   29.573  29.575  29.578   87   30          
14775KBAF BAF2018050217522252   NP  0000    0.00              40003   29.574  29.575  29.578   88   29          
14775KBAF BAF2018050217532253   NP  0000    0.00              40003   29.574  29.575  29.578   87   30          
14775KBAF BAF2018050217542254   NP  0000    0.00              40003   29.573  29.575  29.578   87   30          
14775KBAF BAF2018050217552255   NP  0000    0.00              40003   29.574  29.576  29.578   87   30          
14775KBAF BAF2018050217562256   NP  0000    0.00              40003   29.575  29.576  29.579   87   30          
14775KBAF BAF2018050217572257   NP  0000    0.00              40002   29.575  29.576  29.579   87   30          
14775KBAF BAF2018050217582258   NP  0000    0.00              40002   29.575  29.577  29.580   87   30          
14775KBAF BAF2018050217592259   NP  0000    0.00              40002   29.576  29.577  29.580   87   30          
14775KBAF BAF2018050218002300   NP  0000    0.00              40002   29.576  29.577  29.580   86   31          
14775KBAF BAF2018050218012301   NP  0000    0.00              40002   29.576  29.577  29.580   87   31          
14775KBAF BAF2018050218022302   NP  0000    0.00              40002   29.575  29.577  29.579   87   31          
14775KBAF BAF2018050218032303   NP  0000    0.00              40002   29.576  29.577  29.580   87   31          
14775KBAF BAF2018050218042304   NP  0000    0.00              40002   29.577  29.578  29.581   86   31          
14775KBAF BAF2018050218052305   NP  0000    0.00              40002   29.577  29.579  29.582   86   31          
14775KBAF BAF2018050218062306   NP  0000    0.00              40003   29.578  29.580  29.583   86   31          
14775KBAF BAF2018050218072307   NP  0000    0.00              40002   29.577  29.579  29.581   86   31          
14775KBAF BAF2018050218082308   NP  0000    0.00              40002   29.578  29.580  29.582   87   31          
14775KBAF BAF2018050218092309   NP  0000    0.00              40002   29.578  29.579  29.582   86   31          
14775KBAF BAF2018050218102310   NP  0000    0.00              40002   29.576  29.577  29.580   86   31          
14775KBAF BAF2018050218112311   NP  0000    0.00              40002   29.576  29.578  29.581   86   31          
14775KBAF BAF2018050218122312   NP  0000    0.00              40002   29.577  29.578  29.581   86   32          
14775KBAF BAF2018050218132313   NP  0000    0.00              40002   29.577  29.578  29.581   86   32          
14775KBAF BAF2018050218142314   NP  0000    0.00              40002   29.576  29.577  29.580   85   32          
14775KBAF BAF2018050218152315   NP  0000    0.00              40002   29.575  29.577  29.580   86   32          
14775KBAF BAF2018050218162316   NP  0000    0.00              40002   29.574  29.576  29.579   86   32          
14775KBAF BAF2018050218172317   NP  0000    0.00              40002   29.574  29.575  29.578   85   33          
14775KBAF BAF2018050218182318   NP  0000    0.00              40002   29.573  29.574  29.577   85   33          
14775KBAF BAF2018050218192319   NP  0000    0.00              40002   29.572  29.574  29.576   85   32          
14775KBAF BAF2018050218202320   NP  0000    0.00              40002   29.572  29.574  29.576   84   34          
14775KBAF BAF2018050218212321   NP  0000    0.00              40002   29.572  29.573  29.576   85   33          
14775KBAF BAF2018050218222322   NP  0000    0.00              40002   29.572  29.573  29.576   84   33          
14775KBAF BAF2018050218232323   NP  0000    0.00              40002   29.571  29.573  29.576   85   33          
14775KBAF BAF2018050218242324   NP  0000    0.00              40002   29.572  29.574  29.577   85   33          
14775KBAF BAF2018050218252325   NP  0000    0.00              40002   29.572  29.574  29.576   85   33          
14775KBAF BAF2018050218262326   NP  0000    0.00              40002   29.572  29.573  29.576   85   33          
14775KBAF BAF2018050218272327   NP  0000    0.00              40002   29.572  29.574  29.577   85   33          
14775KBAF BAF2018050218282328   NP  0000    0.00              40002   29.573  29.575  29.577   85   33          
14775KBAF BAF2018050218292329   NP  0000    0.00              40002   29.573  29.575  29.578   85   33          
14775KBAF BAF2018050218302330   NP  0000    0.00              40002   29.573  29.575  29.578   86   32          
14775KBAF BAF2018050218312331   NP  0000    0.00              40002   29.574  29.576  29.578   86   33          
14775KBAF BAF2018050218322332   NP  0000    0.00              40002   29.574  29.575  29.578   85   33          
14775KBAF BAF2018050218332333   NP  0000    0.00              40002   29.574  29.575  29.578   84   34          
14775KBAF BAF2018050218342334   NP  0000    0.00              40002   29.574  29.576  29.578   84   33          
14775KBAF BAF2018050218352335   NP  0000    0.00              40002   29.574  29.576  29.578   85   33          
14775KBAF BAF2018050218362336   NP  0000    0.00              40002   29.574  29.576  29.579   84   34          
14775KBAF BAF2018050218372337   NP  0000    0.00              40002   29.574  29.576  29.578   85   33          
14775KBAF BAF2018050218382338   NP  0000    0.00              40002   29.574  29.575  29.578   85   33          
14775KBAF BAF2018050218392339   NP  0000    0.00              40002   29.573  29.575  29.578   85   33          
14775KBAF BAF2018050218402340   NP  0000    0.00              40002   29.574  29.575  29.578   85   33          
14775KBAF BAF2018050218412341   NP  0000    0.00              40002   29.574  29.575  29.578   85   33          
14775KBAF BAF2018050218422342   NP  0000    0.00              40002   29.573  29.575  29.578   84   34          
14775KBAF BAF2018050218432343   NP  0000    0.00              40002   29.573  29.575  29.578   84   33          
14775KBAF BAF2018050218442344   NP  0000    0.00              40002   29.574  29.575  29.578   84   34          
14775KBAF BAF2018050218452345   NP  0000    0.00              40002   29.574  29.575  29.578   85   33          
14775KBAF BAF2018050218462346   NP  0000    0.00              40002   29.574  29.575  29.578   84   34          
14775KBAF BAF2018050218472347   NP  0000    0.00              40002   29.574  29.575  29.578   84   33          
14775KBAF BAF2018050218482348   NP  0000    0.00              40002   29.574  29.576  29.578   84   34          
14775KBAF BAF2018050218492349   NP  0000    0.00              40002   29.575  29.576  29.579   84   34          
14775KBAF BAF2018050218502350   NP  0000    0.00              40002   29.575  29.576  29.579   84   34          
14775KBAF BAF2018050218512351   NP  0000    0.00              40002   29.574  29.576  29.579   83   34          
14775KBAF BAF2018050218522352   NP  0000    0.00              40002   29.574  29.576  29.579   82   34          
14775KBAF BAF2018050218532353   NP  0000    0.00              40002   29.574  29.576  29.578   83   34          
14775KBAF BAF2018050218542354   NP  0000    0.00              40002   29.574  29.576  29.579   83   34          
14775KBAF BAF2018050218552355   NP  0000    0.00              40002   29.574  29.576  29.579   83   34          
14775KBAF BAF2018050218562356   NP  0000    0.00              40002   29.575  29.577  29.579   83   34          
14775KBAF BAF2018050218572357   NP  0000    0.00              40002   29.576  29.578  29.580   84   34          
14775KBAF BAF2018050218582358   NP  0000    0.00              40002   29.577  29.578  29.581   83   34          
14775KBAF BAF2018050218592359   NP  0000    0.00              40002   29.577  29.579  29.581   84   34          
14775KBAF BAF2018050219000000   NP  0000    0.00              40002   29.577  29.579  29.582   83   34          
14775KBAF BAF2018050219010001   NP  0000    0.00              40002   29.578  29.579  29.582   83   35          
14775KBAF BAF2018050219020002   NP  0000    0.00              40002   29.579  29.580  29.583   83   35          
14775KBAF BAF2018050219030003   NP  0000    0.00              40002   29.580  29.582  29.585   83   34          
14775KBAF BAF2018050219040004   NP  0000    0.00              40002   29.581  29.583  29.586   83   34          
14775KBAF BAF2018050219050005   NP  0000    0.00              40002   29.583  29.584  29.587   82   35          
14775KBAF BAF2018050219060006   NP  0000    0.00              40002   29.583  29.584  29.587   82   35          
14775KBAF BAF2018050219070007   NP  0000    0.00              40002   29.583  29.585  29.587   82   35          
14775KBAF BAF2018050219080008   NP  0000    0.00              40002   29.584  29.585  29.588   82   35          
14775KBAF BAF2018050219090009   NP  0000    0.00              40002   29.584  29.586  29.588   81   35          
14775KBAF BAF2018050219100010   NP  0000    0.00              40002   29.584  29.585  29.588   82   35          
14775KBAF BAF2018050219110011   NP  0000    0.00              40002   29.584  29.586  29.588   82   35          
14775KBAF BAF2018050219120012   NP  0000    0.00              40002   29.585  29.587  29.589   82   35          
14775KBAF BAF2018050219130013   NP  0000    0.00              40002   29.585  29.587  29.590   82   35          
14775KBAF BAF2018050219140014   NP  0000    0.00              40002   29.586  29.588  29.590   81   36          
14775KBAF BAF2018050219150015   NP  0000    0.00              40002   29.587  29.588  29.591   81   36          
14775KBAF BAF2018050219160016   NP  0000    0.00              40002   29.587  29.588  29.591   82   35          
14775KBAF BAF2018050219170017   NP  0000    0.00              40002   29.587  29.589  29.592   82   35          
14775KBAF BAF2018050219180018   NP  0000    0.00              40002   29.588  29.590  29.592   82   35          
14775KBAF BAF2018050219190019   NP  0000    0.00              40002   29.588  29.590  29.592   81   35          
14775KBAF BAF2018050219200020   NP  0000    0.00              40002   29.588  29.590  29.592   81   36          
14775KBAF BAF2018050219210021   NP  0000    0.00              40002   29.588  29.590  29.592   82   35          
14775KBAF BAF2018050219220022   NP  0000    0.00              40002   29.588  29.590  29.592   81   35          
14775KBAF BAF2018050219230023   NP  0000    0.00              40002   29.588  29.590  29.593   81   35          
14775KBAF BAF2018050219240024   NP  0000    0.00              40002   29.589  29.590  29.593   82   35          
14775KBAF BAF2018050219250025   NP  0000    0.00              40002   29.588  29.590  29.593   81   36          
14775KBAF BAF2018050219260026   NP  0000    0.00              40002   29.588  29.589  29.592   82   35          
14775KBAF BAF2018050219270027   NP  0000    0.00              40002   29.587  29.589  29.592   81   36          
14775KBAF BAF2018050219280028   NP  0000    0.00              40002   29.586  29.588  29.591   81   35          
14775KBAF BAF2018050219290029   NP  0000    0.00              40002   29.586  29.587  29.590   81   35          
14775KBAF BAF2018050219300030   NP  0000    0.00              40002   29.585  29.587  29.589   80   36          
14775KBAF BAF2018050219310031   NP  0000    0.00              40002   29.585  29.587  29.589   81   35          
14775KBAF BAF2018050219320032   NP  0000    0.00              40002   29.585  29.586  29.589   81   35          
14775KBAF BAF2018050219330033   NP  0000    0.00              40003   29.585  29.586  29.589   80   36          
14775KBAF BAF2018050219340034   NP  0000    0.00              40003   29.585  29.587  29.589   80   36          
14775KBAF BAF2018050219350035   NP  0000    0.00              40002   29.585  29.587  29.590   80   36          
14775KBAF BAF2018050219360036   NP  0000    0.00              40002   29.584  29.586  29.589   80   36          
14775KBAF BAF2018050219370037   NP  0000    0.00              40002   29.583  29.585  29.588   81   36          
14775KBAF BAF2018050219380038   NP  0000    0.00              40002   29.582  29.584  29.587   81   35          
14775KBAF BAF2018050219390039   NP  0000    0.00              40003   29.582  29.583  29.586   81   35          
14775KBAF BAF2018050219400040   NP  0000    0.00              40002   29.581  29.583  29.586   80   36          
14775KBAF BAF2018050219410041   NP  0000    0.00              40002   29.583  29.584  29.587   80   36          
14775KBAF BAF2018050219420042   NP  0000    0.00              40002   29.584  29.586  29.588   79   36          
14775KBAF BAF2018050219430043   NP  0000    0.00              40002   29.586  29.587  29.590   80   36          
14775KBAF BAF2018050219440044   NP  0000    0.00              40002   29.588  29.589  29.592   79   37          
14775KBAF BAF2018050219450045   NP  0000    0.00              40002   29.589  29.591  29.593   79   37          
14775KBAF BAF2018050219460046   NP  0000    0.00              40002   29.589  29.591  29.593   79   37          
14775KBAF BAF2018050219470047   NP  0000    0.00              40002   29.589  29.591  29.594   79   37          
14775KBAF BAF2018050219480048   NP  0000    0.00              40002   29.590  29.592  29.595   80   37          
14775KBAF BAF2018050219490049   NP  0000    0.00              40002   29.591  29.592  29.595   81   36          
14775KBAF BAF2018050219500050   NP  0000    0.00              40003   29.592  29.593  29.596   81   36          
14775KBAF BAF2018050219510051   NP  0000    0.00              40002   29.593  29.594  29.597   80   37          
14775KBAF BAF2018050219520052   NP  0000    0.00              40002   29.593  29.595  29.597   80   37          
14775KBAF BAF2018050219530053   NP  0000    0.00              40002   29.593  29.595  29.598   81   36          
14775KBAF BAF2018050219540054   NP  0000    0.00              40002   29.594  29.595  29.598   81   36          
14775KBAF BAF2018050219550055   NP  0000    0.00              40002   29.594  29.596  29.599   81   36          
14775KBAF BAF2018050219560056   NP  0000    0.00              40003   29.595  29.597  29.599   80   37          
14775KBAF BAF2018050219570057   NP  0000    0.00              40003   29.596  29.598  29.600   80   36          
14775KBAF BAF2018050219580058   NP  0000    0.00              40002   29.596  29.598  29.601   80   37          
14775KBAF BAF2018050219590059   NP  0000    0.00              40002   29.596  29.598  29.601   80   37          
14775KBAF BAF2018050220000100   NP  0000    0.00              40002   29.597  29.599  29.602   80   37          
14775KBAF BAF2018050220010101   NP  0000    0.00              40002   29.598  29.600  29.602   80   37          
14775KBAF BAF2018050220020102   NP  0000    0.00              40002   29.598  29.600  29.603   80   37          
14775KBAF BAF2018050220030103   NP  0000    0.00              40003   29.599  29.601  29.603   80   37          
14775KBAF BAF2018050220040104   NP  0000    0.00              40002   29.598  29.600  29.603   80   37          
14775KBAF BAF2018050220050105   NP  0000    0.00              40003   29.598  29.599  29.602   79   37          
14775KBAF BAF2018050220060106   NP  0000    0.00              40002   29.597  29.599  29.602   79   37          
14775KBAF BAF2018050220070107   NP  0000    0.00              40002   29.597  29.598  29.601   80   36          
14775KBAF BAF2018050220080108   NP  0000    0.00              40002   29.597  29.599  29.601   79   37          
14775KBAF BAF2018050220090109   NP  0000    0.00              40002   29.598  29.599  29.602   79   37          
14775KBAF BAF2018050220100110   NP  0000    0.00              40002   29.598  29.600  29.603   78   37          
14775KBAF BAF2018050220110111   NP  0000    0.00              40002   29.599  29.601  29.604   79   37          
14775KBAF BAF2018050220120112   NP  0000    0.00              40002   29.601  29.602  29.605   79   37          
14775KBAF BAF2018050220130113   NP  0000    0.00              40002   29.602  29.603  29.606   79   37          
14775KBAF BAF2018050220140114   NP  0000    0.00              40002   29.602  29.604  29.607   79   38          
14775KBAF BAF2018050220150115   NP  0000    0.00              40002   29.603  29.605  29.608   78   38          
14775KBAF BAF2018050220160116   NP  0000    0.00              40002   29.604  29.605  29.608   78   38          
14775KBAF BAF2018050220170117   NP  0000    0.00              40002   29.604  29.605  29.608   79   37          
14775KBAF BAF2018050220180118   NP  0000    0.00              40002   29.603  29.605  29.608   78   37          
14775KBAF BAF2018050220190119   NP  0000    0.00              40002   29.604  29.605  29.608   79   37          
14775KBAF BAF2018050220200120   NP  0000    0.00              40002   29.603  29.605  29.608   78   38          
14775KBAF BAF2018050220210121   NP  0000    0.00              40002   29.604  29.605  29.608   79   37          
14775KBAF BAF2018050220220122   NP  0000    0.00              40002   29.604  29.606  29.608   79   37          
14775KBAF BAF2018050220230123   NP  0000    0.00              40003   29.604  29.606  29.608   79   37          
14775KBAF BAF2018050220240124   NP  0000    0.00              40002   29.604  29.606  29.609   79   37          
14775KBAF BAF2018050220250125   NP  0000    0.00              40002   29.605  29.607  29.609   78   38          
14775KBAF BAF2018050220260126   NP  0000    0.00              40003   29.605  29.607  29.610   78   38          
14775KBAF BAF2018050220270127   NP  0000    0.00              40002   29.606  29.608  29.610   79   37          
14775KBAF BAF2018050220280128   NP  0000    0.00              40002   29.607  29.608  29.611   78   38          
14775KBAF BAF2018050220290129   NP  0000    0.00              40002   29.607  29.609  29.611   78   38          
14775KBAF BAF2018050220300130   NP  0000    0.00              40002   29.608  29.609  29.612   78   38          
14775KBAF BAF2018050220310131   NP  0000    0.00              40002   29.608  29.609  29.612   78   38          
14775KBAF BAF2018050220320132   NP  0000    0.00              40002   29.608  29.610  29.612   78   38          
14775KBAF BAF2018050220330133   NP  0000    0.00              40002   29.608  29.610  29.613   77   39          
14775KBAF BAF2018050220340134   NP  0000    0.00              40002   29.608  29.609  29.612   76   39          
14775KBAF BAF2018050220350135   NP  0000    0.00              40002   29.608  29.610  29.612   74   40          
14775KBAF BAF2018050220360136   NP  0000    0.00              40002   29.608  29.610  29.612   73   40          
14775KBAF BAF2018050220370137   NP  0000    0.00              40002   29.608  29.610  29.612   74   40          
14775KBAF BAF2018050220380138   NP  0000    0.00              40002   29.608  29.610  29.612   75   40          
14775KBAF BAF2018050220390139   NP  0000    0.00              40002   29.608  29.610  29.613   74   40          
14775KBAF BAF2018050220400140   NP  0000    0.00              40002   29.608  29.610  29.612   75   40          
14775KBAF BAF2018050220410141   NP  0000    0.00              40002   29.608  29.610  29.613   75   40          
14775KBAF BAF2018050220420142   NP  0000    0.00              40002   29.608  29.609  29.612   76   39          
14775KBAF BAF2018050220430143   NP  0000    0.00              40002   29.608  29.609  29.612   75   40          
14775KBAF BAF2018050220440144   NP  0000    0.00              40002   29.608  29.610  29.613   75   39          
14775KBAF BAF2018050220450145   NP  0000    0.00              40002   29.608  29.610  29.613   75   40          
14775KBAF BAF2018050220460146   NP  0000    0.00              40002   29.609  29.611  29.613   74   40          
14775KBAF BAF2018050220470147   NP  0000    0.00              40002   29.609  29.611  29.613   75   40          
14775KBAF BAF2018050220480148   NP  0000    0.00              40002   29.609  29.611  29.613   75   39          
14775KBAF BAF2018050220490149   NP  0000    0.00              40002   29.609  29.611  29.614   75   40          
14775KBAF BAF2018050220500150   NP  0000    0.00              40002   29.610  29.611  29.614   75   40          
14775KBAF BAF2018050220510151   NP  0000    0.00              40003   29.610  29.611  29.614   77   39          
14775KBAF BAF2018050220520152   NP  0000    0.00              40003   29.610  29.611  29.614   77   39          
14775KBAF BAF2018050220530153   NP  0000    0.00              40002   29.609  29.611  29.614   77   39          
14775KBAF BAF2018050220540154   NP  0000    0.00              40003   29.609  29.611  29.614   76   39          
14775KBAF BAF2018050220550155   NP  0000    0.00              40003   29.609  29.611  29.614   77   39          
14775KBAF BAF2018050220560156   NP  0000    0.00              40003   29.609  29.611  29.614   77   39          
14775KBAF BAF2018050220570157   NP  0000    0.00              40003   29.609  29.611  29.614   77   39          
14775KBAF BAF2018050220580158   NP  0000    0.00              40003   29.609  29.611  29.614   76   39          
14775KBAF BAF2018050220590159   NP  0000    0.00              40003   29.609  29.611  29.613   77   39          
14775KBAF BAF2018050221000200   NP  0000    0.00              40003   29.610  29.611  29.614   78   39          
14775KBAF BAF2018050221010201   NP  0000    0.00              40003   29.610  29.612  29.615   77   39          
14775KBAF BAF2018050221020202   NP  0000    0.00              40003   29.610  29.612  29.615   77   39          
14775KBAF BAF2018050221030203   NP  0000    0.00              40003   29.611  29.613  29.615   77   39          
14775KBAF BAF2018050221040204   NP  0000    0.00              40003   29.611  29.613  29.616   77   39          
14775KBAF BAF2018050221050205   NP  0000    0.00              40003   29.612  29.613  29.616   78   39          
14775KBAF BAF2018050221060206   NP  0000    0.00              40003   29.612  29.613  29.616   78   39          
14775KBAF BAF2018050221070207   NP  0000    0.00              40003   29.611  29.613  29.616   77   39          
14775KBAF BAF2018050221080208   NP  0000    0.00              40003   29.610  29.612  29.615   77   39          
14775KBAF BAF2018050221090209   NP  0000    0.00              40003   29.609  29.611  29.614   77   39          
14775KBAF BAF2018050221100210   NP  0000    0.00              40003   29.609  29.610  29.613   77   39          
14775KBAF BAF2018050221110211   NP  0000    0.00              40003   29.608  29.610  29.613   77   39          
14775KBAF BAF2018050221120212   NP  0000    0.00              40002   29.609  29.610  29.613   76   39          
14775KBAF BAF2018050221130213   NP  0000    0.00              40003   29.609  29.611  29.613   77   39          
14775KBAF BAF2018050221140214   NP  0000    0.00              40003   29.609  29.611  29.614   77   39          
14775KBAF BAF2018050221150215   NP  0000    0.00              40003   29.610  29.611  29.614   77   39          
14775KBAF BAF2018050221160216   NP  0000    0.00              40003   29.610  29.612  29.614   77   39          
14775KBAF BAF2018050221170217   NP  0000    0.00              40003   29.610  29.612  29.615   77   40          
14775KBAF BAF2018050221180218   NP  0000    0.00              40003   29.610  29.612  29.615   76   40          
14775KBAF BAF2018050221190219   NP  0000    0.00              40003   29.611  29.613  29.615   76   40          
14775KBAF BAF2018050221200220   NP  0000    0.00              40003   29.611  29.613  29.616   76   40          
14775KBAF BAF2018050221210221   NP  0000    0.00              40003   29.612  29.613  29.616   76   40          
14775KBAF BAF2018050221220222   NP  0000    0.00              40003   29.612  29.613  29.616   77   39          
14775KBAF BAF2018050221230223   NP  0000    0.00              40003   29.611  29.613  29.616   77   40          
14775KBAF BAF2018050221240224   NP  0000    0.00              40003   29.611  29.613  29.615   77   40          
14775KBAF BAF2018050221250225   NP  0000    0.00              40003   29.610  29.612  29.615   77   39          
14775KBAF BAF2018050221260226   NP  0000    0.00              40003   29.610  29.612  29.614   77   40          
14775KBAF BAF2018050221270227   NP  0000    0.00              40003   29.610  29.611  29.614   76   40          
14775KBAF BAF2018050221280228   NP  0000    0.00              40003   29.609  29.611  29.614   77   40          
14775KBAF BAF2018050221290229   NP  0000    0.00              40003   29.609  29.611  29.613   77   40          
14775KBAF BAF2018050221300230   NP  0000    0.00              40003   29.609  29.611  29.613   77   40          
14775KBAF BAF2018050221310231   NP  0000    0.00              40003   29.609  29.611  29.613   77   40          
14775KBAF BAF2018050221320232   NP  0000    0.00              40003   29.610  29.612  29.614   78   39          
14775KBAF BAF2018050221330233   NP  0000    0.00              40003   29.611  29.612  29.615   78   40          
14775KBAF BAF2018050221340234   NP  0000    0.00              40003   29.611  29.613  29.615   78   39          
14775KBAF BAF2018050221350235   NP  0000    0.00              40003   29.611  29.613  29.615   78   40          
14775KBAF BAF2018050221360236   NP  0000    0.00              40003   29.610  29.612  29.615   77   40          
14775KBAF BAF2018050221370237   NP  0000    0.00              40003   29.610  29.612  29.614   78   39          
14775KBAF BAF2018050221380238   NP  0000    0.00              40003   29.610  29.612  29.614   77   40          
14775KBAF BAF2018050221390239   NP  0000    0.00              40003   29.610  29.611  29.614   77   40          
14775KBAF BAF2018050221400240   NP  0000    0.00              40003   29.610  29.611  29.614   78   39          
14775KBAF BAF2018050221410241   NP  0000    0.00              40003   29.610  29.611  29.614   77   40          
14775KBAF BAF2018050221420242   NP  0000    0.00              40003   29.610  29.611  29.614   77   40          
14775KBAF BAF2018050221430243   NP  0000    0.00              40003   29.609  29.611  29.614   77   40          
14775KBAF BAF2018050221440244   NP  0000    0.00              40003   29.609  29.611  29.614   78   39          
14775KBAF BAF2018050221450245   NP  0000    0.00              40003   29.610  29.612  29.614   77   40          
14775KBAF BAF2018050221460246   NP  0000    0.00              40003   29.610  29.612  29.615   76   40          
14775KBAF BAF2018050221470247   NP  0000    0.00              40003   29.611  29.613  29.615   74   41          
14775KBAF BAF2018050221480248   NP  0000    0.00              40002   29.611  29.613  29.615   74   41          
14775KBAF BAF2018050221490249   NP  0000    0.00              40002   29.612  29.613  29.616   75   40          
14775KBAF BAF2018050221500250   NP  0000    0.00              40003   29.611  29.613  29.616   74   41          
14775KBAF BAF2018050221510251   NP  0000    0.00              40002   29.611  29.612  29.615   73   41          
14775KBAF BAF2018050221520252   NP  0000    0.00              40002   29.611  29.612  29.615   73   41          
14775KBAF BAF2018050221530253   NP  0000    0.00              40003   29.611  29.613  29.616   72   41          
14775KBAF BAF2018050221540254   NP  0000    0.00              40002   29.612  29.613  29.616   72   41          
14775KBAF BAF2018050221550255   NP  0000    0.00              40002   29.612  29.614  29.617   71   41          
14775KBAF BAF2018050221560256   NP  0000    0.00              40002   29.612  29.614  29.616   72   41          
14775KBAF BAF2018050221570257   NP  0000    0.00              40002   29.612  29.614  29.616   73   40          
14775KBAF BAF2018050221580258   NP  0000    0.00              40003   29.611  29.613  29.616   74   40          
14775KBAF BAF2018050221590259   NP  0000    0.00              40003   29.612  29.614  29.616   73   40          
14775KBAF BAF2018050222000300   NP  0000    0.00              40003   29.611  29.613  29.616   71   41          
14775KBAF BAF2018050222010301   NP  0000    0.00              40003   29.612  29.613  29.616   70   41          
14775KBAF BAF2018050222020302   NP  0000    0.00              40002   29.612  29.614  29.616   69   41          
14775KBAF BAF2018050222030303   NP  0000    0.00              40002   29.612  29.614  29.617   70   41          
14775KBAF BAF2018050222040304   NP  0000    0.00              40002   29.613  29.615  29.618   70   41          
14775KBAF BAF2018050222050305   NP  0000    0.00              40002   29.613  29.615  29.618   71   41          
14775KBAF BAF2018050222060306   NP  0000    0.00              40002   29.613  29.615  29.618   71   41          
14775KBAF BAF2018050222070307   NP  0000    0.00              40002   29.613  29.614  29.617   71   41          
14775KBAF BAF2018050222080308   NP  0000    0.00              40002   29.613  29.614  29.617   70   41          
14775KBAF BAF2018050222090309   NP  0000    0.00              40003   29.612  29.614  29.616   71   41          
14775KBAF BAF2018050222100310   NP  0000    0.00              40002   29.611  29.613  29.615   71   41          
14775KBAF BAF2018050222110311   NP  0000    0.00              40003   29.611  29.613  29.616   71   41          
14775KBAF BAF2018050222120312   NP  0000    0.00              40003   29.610  29.612  29.615   72   41          
14775KBAF BAF2018050222130313   NP  0000    0.00              40003   29.610  29.612  29.615   71   41          
14775KBAF BAF2018050222140314   NP  0000    0.00              40003   29.610  29.612  29.615   72   40          
14775KBAF BAF2018050222150315   NP  0000    0.00              40003   29.611  29.613  29.615   72   40          
14775KBAF BAF2018050222160316   NP  0000    0.00              40003   29.612  29.613  29.616   71   41          
14775KBAF BAF2018050222170317   NP  0000    0.00              40003   29.612  29.613  29.616   71   41          
14775KBAF BAF2018050222180318   NP  0000    0.00              40003   29.612  29.614  29.616   72   41          
14775KBAF BAF2018050222190319   NP  0000    0.00              40003   29.613  29.615  29.617   71   42          
14775KBAF BAF2018050222200320   NP  0000    0.00              40003   29.613  29.615  29.618   71   42          
14775KBAF BAF2018050222210321   NP  0000    0.00              40003   29.614  29.615  29.618   71   42          
14775KBAF BAF2018050222220322   NP  0000    0.00              40003   29.614  29.616  29.618   71   42          
14775KBAF BAF2018050222230323   NP  0000    0.00              40003   29.614  29.616  29.619   71   42          
14775KBAF BAF2018050222240324   NP  0000    0.00              40003   29.614  29.616  29.619   71   42          
14775KBAF BAF2018050222250325   NP  0000    0.00              40003   29.615  29.617  29.619   70   42          
14775KBAF BAF2018050222260326   NP  0000    0.00              40003   29.615  29.617  29.619   69   43          
14775KBAF BAF2018050222270327   NP  0000    0.00              40003   29.614  29.615  29.618   70   43          
14775KBAF BAF2018050222280328   NP  0000    0.00              40003   29.613  29.615  29.618   70   43          
14775KBAF BAF2018050222290329   NP  0000    0.00              40003   29.614  29.616  29.618   69   43          
14775KBAF BAF2018050222300330   NP  0000    0.00              40003   29.614  29.615  29.618   69   43          
14775KBAF BAF2018050222310331   NP  0000    0.00              40003   29.613  29.615  29.618   69   43          
14775KBAF BAF2018050222320332   NP  0000    0.00              40003   29.614  29.615  29.618   68   43          
14775KBAF BAF2018050222330333   NP  0000    0.00              40003   29.614  29.616  29.619   68   43          
14775KBAF BAF2018050222340334   NP  0000    0.00              40003   29.614  29.616  29.619   67   43          
14775KBAF BAF2018050222350335   NP  0000    0.00              40003   29.614  29.616  29.618   67   43          
14775KBAF BAF2018050222360336   NP  0000    0.00              40003   29.614  29.615  29.618   69   43          
14775KBAF BAF2018050222370337   NP  0000    0.00              40003   29.613  29.615  29.617   70   43          
14775KBAF BAF2018050222380338   NP  0000    0.00              40003   29.614  29.615  29.618   70   43          
14775KBAF BAF2018050222390339   NP  0000    0.00              40003   29.614  29.615  29.618   69   43          
14775KBAF BAF2018050222400340   NP  0000    0.00              40003   29.613  29.615  29.618   68   43          
14775KBAF BAF2018050222410341   NP  0000    0.00              40003   29.614  29.616  29.619   67   44          
14775KBAF BAF2018050222420342   NP  0000    0.00              40003   29.615  29.617  29.619   67   44          
14775KBAF BAF2018050222430343   NP  0000    0.00              40003   29.615  29.617  29.619   66   44          
14775KBAF BAF2018050222440344   NP  0000    0.00              40003   29.615  29.617  29.620   68   44          
14775KBAF BAF2018050222450345   NP  0000    0.00              40003   29.615  29.617  29.620   68   44          
14775KBAF BAF2018050222460346   NP  0000    0.00              40003   29.615  29.617  29.620   69   43          
14775KBAF BAF2018050222470347   NP  0000    0.00              40003   29.615  29.617  29.620   70   43          
14775KBAF BAF2018050222480348   NP  0000    0.00              40003   29.615  29.617  29.620   71   42          
14775KBAF BAF2018050222490349   NP  0000    0.00              40003   29.616  29.618  29.620   72   42          
14775KBAF BAF2018050222500350   NP  0000    0.00              40003   29.617  29.618  29.621   72   42          
14775KBAF BAF2018050222510351   NP  0000    0.00              40003   29.618  29.620  29.622   71   42          
14775KBAF BAF2018050222520352   NP  0000    0.00              40003   29.619  29.621  29.623   71   42          
14775KBAF BAF2018050222530353   NP  0000    0.00              40003   29.619  29.621  29.624   71   42          
14775KBAF BAF2018050222540354   NP  0000    0.00              40003   29.619  29.621  29.624   71   42          
14775KBAF BAF2018050222550355   NP  0000    0.00              40003   29.620  29.622  29.625   72   42          
14775KBAF BAF2018050222560356   NP  0000    0.00              40003   29.622  29.623  29.626   72   42          
14775KBAF BAF2018050222570357   NP  0000    0.00              40003   29.623  29.625  29.628   73   41          
14775KBAF BAF2018050222580358   NP  0000    0.00              40003   29.625  29.627  29.630   72   41          
14775KBAF BAF2018050222590359   NP  0000    0.00              40003   29.628  29.630  29.633   70   42          
14775KBAF BAF2018050223000400   NP  0000    0.00              40003   29.630  29.632  29.635   71   42          
14775KBAF BAF2018050223010401   NP  0000    0.00              40003   29.633  29.635  29.637   71   42          
14775KBAF BAF2018050223020402   NP  0000    0.00              40003   29.634  29.636  29.639   72   42          
14775KBAF BAF2018050223030403   NP  0000    0.00              40003   29.634  29.635  29.638   69   44          
14775KBAF BAF2018050223040404   NP  0000    0.00              40003   29.633  29.635  29.637   65   46          
14775KBAF BAF2018050223050405   NP  0000    0.00              40002   29.632  29.634  29.637   65   45          
14775KBAF BAF2018050223060406   NP  0000    0.00              40002   29.632  29.633  29.636   66   45          
14775KBAF BAF2018050223070407   NP  0000                      40003   29.633  29.635  29.637   67   45          
14775KBAF BAF2018050223070407   NP  0000    0.00              40003   29.633  29.635  29.637   67   45          
14775KBAF BAF2018050223080408   NP  0000                      40003   29.632  29.634  29.637   68   44          
14775KBAF BAF2018050223080408   NP  0000    0.00              40003   29.632  29.634  29.637   68   44          
14775KBAF BAF2018050223090409   NP  0000    0.00              40003   29.632  29.634  29.636   69   43          
14775KBAF BAF2018050223100410   NP  0000    0.00              40003   29.633  29.635  29.638   69   44          
14775KBAF BAF2018050223110411   NP  0000    0.00              40003   29.634  29.636  29.638   68   44          
14775KBAF BAF2018050223120412   NP  0000    0.00              40003   29.634  29.635  29.638   69   43          
14775KBAF BAF2018050223130413   NP  0000    0.00              40003   29.634  29.636  29.639   70   43          
14775KBAF BAF2018050223140414   NP  0000    0.00              40003   29.637  29.639  29.641   73   42          
14775KBAF BAF2018050223150415   NP  0000    0.00              40003   29.637  29.639  29.642   76   42          
14775KBAF BAF2018050223160416   NP  0000    0.00              40003   29.638  29.640  29.643   73   43          
14775KBAF BAF2018050223170417   NP  0000    0.00              40003   29.640  29.642  29.645   74   42          
14775KBAF BAF2018050223180418   NP  0000    0.00              40003   29.641  29.643  29.646   75   42          
14775KBAF BAF2018050223190419   NP  0000    0.00              40003   29.642  29.644  29.647   73   43          
14775KBAF BAF2018050223200420   NP  0000    0.00              40003   29.642  29.644  29.647   74   43          
14775KBAF BAF2018050223210421   NP  0000    0.00              40003   29.642  29.644  29.647   73   43          
14775KBAF BAF2018050223220422   NP  0000    0.00              40003   29.641  29.643  29.646   71   43          
14775KBAF BAF2018050223230423   NP  0000    0.00              40003   29.640  29.642  29.645   70   43          
14775KBAF BAF2018050223240424   NP  0000    0.00              40003   29.640  29.642  29.645   72   42          
14775KBAF BAF2018050223250425   NP  0000    0.00              40003   29.641  29.642  29.645   71   43          
14775KBAF BAF2018050223260426   NP  0000    0.00              40003   29.640  29.642  29.645   72   43          
14775KBAF BAF2018050223270427   NP  0000    0.00              40003   29.640  29.641  29.644   71   43          
14775KBAF BAF2018050223280428   NP  0000    0.00              40003   29.640  29.642  29.644   66   46          
14775KBAF BAF2018050223290429   NP  0000    0.00              40003   29.639  29.641  29.644   67   48          
14775KBAF BAF2018050223300430   NP  0000    0.00              40003   29.639  29.641  29.643   67   48          
14775KBAF BAF2018050223310431   NP  0000    0.00              40003   29.638  29.640  29.642   67   49          
14775KBAF BAF2018050223320432   NP  0000    0.00              40003   29.638  29.640  29.643   68   47          
14775KBAF BAF2018050223330433   NP  0000    0.00              40003   29.639  29.640  29.643   66   47          
14775KBAF BAF2018050223340434   NP  0000    0.00              40003   29.639  29.641  29.644   67   47          
14775KBAF BAF2018050223350435   NP  0000    0.00              40003   29.640  29.642  29.645   66   47          
14775KBAF BAF2018050223360436   NP  0000    0.00              40003   29.640  29.642  29.645   66   47          
14775KBAF BAF2018050223370437   NP  0000    0.00              40003   29.640  29.642  29.645   64   48          
14775KBAF BAF2018050223380438   NP  0000    0.00              40003   29.640  29.642  29.644   65   47          
14775KBAF BAF2018050223390439   NP  0000    0.00              40003   29.638  29.640  29.643   66   47          
14775KBAF BAF2018050223400440   NP  0000    0.00              40003   29.638  29.639  29.642   66   46          
14775KBAF BAF2018050223410441   NP  0000    0.00              40003   29.638  29.640  29.643   66   46          
14775KBAF BAF2018050223420442   NP  0000    0.00              40003   29.638  29.640  29.643   67   46          
14775KBAF BAF2018050223430443   NP  0000    0.00              40003   29.638  29.640  29.643   67   46          
14775KBAF BAF2018050223440444   NP  0000    0.00              40003   29.637  29.639  29.642   65   47          
14775KBAF BAF2018050223450445   NP  0000    0.00              40003   29.636  29.638  29.641   64   48          
14775KBAF BAF2018050223460446   NP  0000    0.00              40002   29.635  29.637  29.639   64   48          
14775KBAF BAF2018050223470447   NP  0000    0.00              40002   29.635  29.636  29.639   63   48          
14775KBAF BAF2018050223480448   NP  0000    0.00              40002   29.635  29.636  29.639   62   48          
14775KBAF BAF2018050223490449   NP  0000    0.00              40002   29.635  29.637  29.640   63   47          
14775KBAF BAF2018050223500450   NP  0000    0.00              40002   29.636  29.638  29.641   65   47          
14775KBAF BAF2018050223510451   NP  0000    0.00              40002   29.637  29.639  29.642   65   46          
14775KBAF BAF2018050223520452   NP  0000    0.00              40002   29.638  29.640  29.643   65   46          
14775KBAF BAF2018050223530453   NP  0000    0.00              40003   29.639  29.641  29.643   66   46          
14775KBAF BAF2018050223540454   NP  0000    0.00              40002   29.639  29.641  29.643   66   46          
14775KBAF BAF2018050223550455   NP  0000    0.00              40003   29.638  29.640  29.643   65   47          
14775KBAF BAF2018050223560456   NP  0000    0.00              40003   29.638  29.640  29.642   64   47          
14775KBAF BAF2018050223570457   NP  0000    0.00              40002   29.637  29.638  29.641   63   48          
14775KBAF BAF2018050223580458   NP  0000    0.00              40003   29.636  29.637  29.640   63   48          
14775KBAF BAF2018050223590459   NP  0000    0.00              40002   29.635  29.637  29.640   64   47