xload,zload,max_mesh,decknodes,piernodes,time,min_d,max_d,mean_d,min_s,max_s,mean_s,shell-size,deck-size,pier-size
34.955, 12.626, 10.0, 735, 174, 3.4867532179999996, -0.000156983, 0.00010773794389414752, -9.267596747382879e-07, -2.682439521359898, 3.5657288499999997, 0.018271112442050062, 3.993320181160571, 5.0166176470588235, 1.673845925124532
34.955, 12.626, 9.0, 735, 174, 3.0494180469999996, -0.000156983, 0.00010773794389414752, -9.267596747382879e-07, -2.682439521359898, 3.5657288499999997, 0.018271112442050062, 3.993320181160571, 5.0166176470588235, 1.673845925124532
34.955, 12.626, 8.0, 735, 174, 2.8949041159999993, -0.000156983, 0.00010773794389414752, -9.267596747382879e-07, -2.682439521359898, 3.5657288499999997, 0.018271112442050062, 3.993320181160571, 5.0166176470588235, 1.673845925124532
34.955, 12.626, 7.0, 770, 174, 3.106058499999996, -0.000253916, 0.00012708711188009835, -2.607727930913842e-06, -3.588840173365837, 6.288904399999999, 0.02302239100922632, 3.859421871338619, 4.777731092436975, 1.673845925124532
34.955, 12.626, 6.0, 910, 174, 3.6509185489999965, -0.000258282, 0.0001435983884703096, -2.22544558887916e-06, -3.5980516576840094, 6.3088899000000005, 0.01804359625778171, 3.403003284815095, 4.013294117647059, 1.673845925124532
34.955, 12.626, 5.0, 980, 174, 3.7186382920000085, -0.000258406, 0.0001439624085715424, -2.325106014626719e-06, -3.59896276012575, 6.30933335, 0.018315431221318776, 3.213016237715402, 3.716013071895425, 1.673845925124532
34.955, 12.626, 4.0, 1254, 174, 4.972304768000001, -0.000305297, 0.00013458931380819672, -3.117483650701064e-06, -3.916843358744494, 7.1090387999999995, 0.02006293430998851, 2.637098232841887, 2.8811655405405405, 1.673845925124532
34.955, 12.626, 3.0, 1748, 522, 7.352344770000002, -0.000335941, 0.00014246676646393442, -3.652839729085403e-06, -4.376721635751537, 7.4533610999999995, 0.015365998380182896, 1.7277941622681499, 2.048828828828829, 0.8369229625622661
34.955, 12.626, 2.0, 2580, 558, 10.858369144000022, -0.00034717, 0.00014454102050942788, -3.882986771228862e-06, -4.996511602697387, 8.77459745, 0.0161864036530359, 1.251904599340166, 1.376634382566586, 0.7749286690391352
34.955, 12.626, 1.9, 2728, 960, 12.681833906999998, -0.000351152, 0.00014417603884656055, -4.002052001830309e-06, -5.008795686270782, 8.840130349999999, 0.015288908996768267, 1.0777895283771326, 1.3005337399923753, 0.49816843009659556
34.955, 12.626, 1.8, 2835, 990, 13.640145875999991, -0.000354442, 0.00014552611745943583, -4.044111314222554e-06, -5.46803898457275, 9.424209349999998, 0.015697371732024124, 1.0375010014680193, 1.2504765395894428, 0.48099020836912676
34.955, 12.626, 1.7, 3015, 990, 14.53406428400001, -0.000354544, 0.00014548979406688525, -4.029100479556826e-06, -5.467969580689085, 9.425195899999999, 0.015561419908880436, 0.9912496903590093, 1.1746900826446283, 0.48099020836912676
34.955, 12.626, 1.6, 3150, 990, 15.190129477000028, -0.000356537, 0.00014493606025704918, -4.090473740900133e-06, -5.485284358704691, 9.822719199999998, 0.01586340268097957, 0.9591798474356295, 1.123616600790514, 0.48099020836912676
34.955, 12.626, 1.5, 4000, 990, 18.59383292199999, -0.000358314, 0.00014459873622980993, -4.084889228442612e-06, -5.524905220247984, 9.8592905, 0.015459762097429067, 0.7962266078407667, 0.8812451562903643, 0.48099020836912676
34.955, 12.626, 1.4, 4316, 1050, 20.518295923999972, -0.000360347, 0.0001448579994762293, -4.121365228397874e-06, -6.220791415595157, 10.0587449, 0.01540098473673346, 0.7386662471757964, 0.8157101865136299, 0.4499585820227315
34.955, 12.626, 1.3, 4524, 1470, 21.906318676000012, -0.000360554, 0.00014503666341639343, -4.118856455510901e-06, -6.228428583875932, 10.064597599999999, 0.015136445818567277, 0.6662331933158596, 0.7777701778385774, 0.3374689365170426
34.955, 12.626, 1.2, 5130, 1554, 26.13015215000007, -0.000362483, 0.00014588816365113414, -4.146895822252312e-06, -6.589733547181783, 10.565532599999997, 0.014885137434519868, 0.5960179374866523, 0.6847250100361301, 0.31701627369782787
34.955, 12.626, 1.1, 5757, 1554, 28.489798868000094, -0.00036269, 0.00014531600227311625, -4.1577393709734995e-06, -6.592640004682838, 10.57050655, 0.014762718407275664, 0.5447457930870488, 0.6091607142857143, 0.31701627369782787
34.955, 12.626, 1.0, 6498, 1554, 33.41222673200002, -0.000363555, 0.0001458760432985033, -4.157001366735119e-06, -6.825939231099415, 10.90331635, 0.014264107193421853, 0.4946225704673104, 0.5390802781289508, 0.31701627369782787
34.955, 12.626, 0.9, 7564, 2106, 42.58268606499996, -0.0003648, 0.00014632330728528347, -4.170730151745941e-06, -6.851358095697124, 11.246369849999999, 0.014611740542922278, 0.4127680389766227, 0.4621731472700176, 0.23912084644636167
34.955, 12.626, 0.89, 7688, 2106, 44.421636517000024, -0.0003648, 0.00014632546411866501, -4.171288270105013e-06, -6.85136617435268, 11.246399199999999, 0.014631611548339116, 0.4075240838839279, 0.4546581367453019, 0.23912084644636167
34.955, 12.626, 0.88, 7688, 2106, 44.703684585999895, -0.0003648, 0.00014632546411866501, -4.171288270105013e-06, -6.85136617435268, 11.246399199999999, 0.014631611548339116, 0.4075240838839279, 0.4546581367453019, 0.23912084644636167
34.955, 12.626, 0.87, 7936, 2106, 45.087773480999886, -0.000364815, 0.00014608915447916168, -4.168978726606135e-06, -6.851390298913955, 11.246550449999999, 0.014583192226557197, 0.3974259954846511, 0.44033819543048924, 0.23912084644636167
34.955, 12.626, 0.86, 7936, 2106, 45.104433897000035, -0.000364815, 0.00014608915447916168, -4.168978726606135e-06, -6.851390298913955, 11.246550449999999, 0.014583192226557197, 0.3974259954846511, 0.44033819543048924, 0.23912084644636167
34.955, 12.626, 0.85, 7936, 2106, 45.89904238599979, -0.000364815, 0.00014608915447916168, -4.168978726606135e-06, -6.851390298913955, 11.246550449999999, 0.014583192226557197, 0.3974259954846511, 0.44033819543048924, 0.23912084644636167
34.955, 12.626, 0.84, 7936, 2106, 44.084044462000065, -0.000364815, 0.00014608915447916168, -4.168978726606135e-06, -6.851390298913955, 11.246550449999999, 0.014583192226557197, 0.3974259954846511, 0.44033819543048924, 0.23912084644636167
34.955, 12.626, 0.83, 7936, 2106, 43.75618933700002, -0.000364815, 0.00014608915447916168, -4.168978726606135e-06, -6.851390298913955, 11.246550449999999, 0.014583192226557197, 0.3974259954846511, 0.44033819543048924, 0.23912084644636167
34.955, 12.626, 0.82, 8122, 2106, 43.088603956999805, -0.000365219, 0.00014600420483614954, -4.179342710560897e-06, -6.854486314570573, 11.50573765, 0.014954499117204909, 0.39017485319415357, 0.43017654476670875, 0.23912084644636167
34.955, 12.626, 0.81, 8370, 2106, 44.331477233999976, -0.000365232, 0.00014635276369836064, -4.177992564258353e-06, -6.854492374049643, 11.505889199999999, 0.014954139262235615, 0.3809084852576756, 0.41733545387815024, 0.23912084644636167
34.955, 12.626, 0.8, 8704, 2214, 48.254590177999944, -0.000365575, 0.00014642976369836063, -4.1818999800346395e-06, -6.846585282969577, 11.510600299999998, 0.014955018045281125, 0.3648907951083786, 0.40109347442680776, 0.22619539528709892
34.955, 12.626, 0.79, 8704, 2214, 48.998621289999846, -0.000365575, 0.00014642976369836063, -4.1818999800346395e-06, -6.846585282969577, 11.510600299999998, 0.014955018045281125, 0.3648907951083786, 0.40109347442680776, 0.22619539528709892
34.955, 12.626, 0.78, 9384, 2706, 58.528362990999995, -0.000365387, 0.00014652101836590164, -4.174373997876257e-06, -6.878642728361209, 11.513370299999998, 0.014935307502629721, 0.33041656345300535, 0.3716013071895425, 0.1884961627392623
34.955, 12.626, 0.77, 9936, 2706, 58.481297390000236, -0.000365522, 0.00014658623131803277, -4.173419863096807e-06, -6.874100126876903, 11.51480525, 0.014921784309441724, 0.31590682737628306, 0.35081242287124637, 0.1884961627392623
34.955, 12.626, 0.76, 10212, 2706, 61.27746163399979, -0.000365533, 0.00014645020394985278, -4.171396212272726e-06, -6.874123782387482, 11.514896700000001, 0.014921612133360324, 0.3091195716854182, 0.341266506602641, 0.1884961627392623
34.955, 12.626, 0.75, 10212, 2706, 59.51459470200007, -0.000365533, 0.00014645020394985278, -4.171396212272726e-06, -6.874123782387482, 11.514896700000001, 0.014921612133360324, 0.3091195716854182, 0.341266506602641, 0.1884961627392623
34.955, 12.626, 0.74, 10508, 2838, 63.41185041000017, -0.000365736, 0.00014643487012556313, -4.174525635544539e-06, -6.974822043302504, 11.54729015, 0.014917974431020432, 0.29878254523876885, 0.33151603498542276, 0.17882969285519756
34.955, 12.626, 0.73, 10508, 2838, 63.90838845300004, -0.000365736, 0.00014643487012556313, -4.174525635544539e-06, -6.974822043302504, 11.54729015, 0.014917974431020432, 0.29878254523876885, 0.33151603498542276, 0.17882969285519756
34.955, 12.626, 0.72, 10721, 2838, 66.24605192299987, -0.000365977, 0.00014647687012556314, -4.180405166302335e-06, -6.963418696388304, 11.7384968, 0.014904345239902304, 0.2940677620632247, 0.3248857142857143, 0.17882969285519756
34.955, 12.626, 0.71, 11076, 2838, 68.169797346, -0.000366273, 0.0001463790409146371, -4.185027043911812e-06, -6.965455043808158, 11.8232242, 0.014933478740410719, 0.2865319796117583, 0.3144055299539171, 0.17882969285519756
34.955, 12.626, 0.7, 11076, 2838, 68.27115351999964, -0.000366273, 0.0001463790409146371, -4.185027043911812e-06, -6.965455043808158, 11.8232242, 0.014933478740410719, 0.2865319796117583, 0.3144055299539171, 0.17882969285519756
34.955, 12.626, 0.69, 11076, 2838, 67.6768070019998, -0.000366273, 0.0001463790409146371, -4.185027043911812e-06, -6.965455043808158, 11.8232242, 0.014933478740410719, 0.2865319796117583, 0.3144055299539171, 0.17882969285519756
34.955, 12.626, 0.68, 11218, 2838, 66.10765231300002, -0.000366274, 0.00014638067112929473, -4.184874659230265e-06, -6.965469747771593, 11.8232241, 0.014928025380321456, 0.2836247120986661, 0.31040036396724296, 0.17882969285519756
34.955, 12.626, 0.67, 11988, 2838, 75.56970292300002, -0.00036632, 0.00014675093637333457, -4.183660064191533e-06, -6.966165329585826, 11.8243339, 0.014925854925675702, 0.2687627070625228, 0.2902492980515613, 0.17882969285519756
34.955, 12.626, 0.66, 12150, 2904, 76.20697163900059, -0.000366322, 0.00014675193493276023, -4.183587854275851e-06, -6.9661231306098435, 11.82436905, 0.014925695327568425, 0.26452979434482865, 0.28632701024005375, 0.17435895053381764
34.955, 12.626, 0.65, 12225, 3432, 84.97981797099965, -0.000366204, 0.00014682993061103716, -4.176636810157208e-06, -6.971988052657897, 11.933254849999999, 0.014891753661108339, 0.2549813511556901, 0.2845595595595596, 0.14945052902902722
34.955, 12.626, 0.64, 12675, 3432, 85.57280502100002, -0.000366211, 0.00014654765821639344, -4.17599417935851e-06, -6.971992633970691, 11.933315849999998, 0.014886808042142477, 0.24781242258976263, 0.2743967181467182, 0.14945052902902722
34.955, 12.626, 0.63, 12675, 3432, 85.44628396100052, -0.000366211, 0.00014654765821639344, -4.17599417935851e-06, -6.971992633970691, 11.933315849999998, 0.014886808042142477, 0.24781242258976263, 0.2743967181467182, 0.14945052902902722
34.955, 12.626, 0.62, 13050, 3432, 77.28390402600053, -0.000366496, 0.00014654429131147543, -4.176985005615222e-06, -6.971442236545219, 12.0805729, 0.0148978055198287, 0.2421392016790949, 0.2664661771598188, 0.14945052902902722
34.955, 12.626, 0.61, 13604, 3510, 78.34105080500012, -0.000366765, 0.00014663829131147542, -4.176976325529925e-06, -6.972057785717827, 12.10397265, 0.014910076264872167, 0.23302690112763674, 0.2555280898876405, 0.1458053941746607
34.955, 12.626, 0.6, 14640, 3666, 89.57130828299978, -0.000366997, 0.00014681126415435353, -4.180200966708797e-06, -6.959425807020576, 12.1302037, 0.014861474158215397, 0.21753495150292004, 0.23725831130894423, 0.13902374793397881
34.955, 12.626, 0.59, 15189, 3666, 110.17076723300033, -0.000367024, 0.00014682452890428125, -4.180789638933312e-06, -6.959910789509781, 12.13093215, 0.014854368485933954, 0.21112719991031137, 0.2285781291878853, 0.13902374793397881
34.955, 12.626, 0.58, 15521, 3666, 106.51687872599996, -0.000367029, 0.00014695248642761184, -4.180529696639534e-06, -6.959916435080458, 12.1309634, 0.014855789049352147, 0.20745620109931787, 0.2236624704956727, 0.13902374793397881
34.955, 12.626, 0.57, 15687, 3666, 98.51510573199994, -0.00036703, 0.00014695348642761183, -4.180596847170091e-06, -6.959923245015165, 12.1309633, 0.01485174039613572, 0.2056681615270933, 0.2212830825116762, 0.13902374793397881
34.955, 12.626, 0.56, 15687, 4230, 99.39244754100037, -0.000366766, 0.00014699069361728985, -4.173678273925727e-06, -6.975510193901508, 12.128047899999999, 0.01485988400931546, 0.2002381179665043, 0.2212830825116762, 0.1216457794421897
34.955, 12.626, 0.55, 16351, 4230, 103.33347217400024, -0.000367084, 0.00014684104721219378, -4.176972584162849e-06, -6.9617361718802995, 12.450705099999999, 0.014786972941483147, 0.19373533552165143, 0.2122511199601792, 0.1216457794421897
34.955, 12.626, 0.54, 16351, 4230, 102.29433287600023, -0.000367084, 0.00014684104721219378, -4.176972584162849e-06, -6.9617361718802995, 12.450705099999999, 0.014786972941483147, 0.19373533552165143, 0.2122511199601792, 0.1216457794421897
34.955, 12.626, 0.53, 17085, 4410, 111.0206053920001, -0.000367163, 0.0001470266653433871, -4.174558410544198e-06, -6.963105246820721, 12.4517388, 0.014788794381246436, 0.18529610689097345, 0.20305357142857144, 0.11623930035587016
34.955, 12.626, 0.52, 18676, 4590, 153.68761174799965, -0.000367235, 0.00014704866534338712, -4.1759753285328496e-06, -6.966079907008272, 12.4537382, 0.0147864064277115, 0.1709379652982161, 0.1855782831030356, 0.1112929471492374
34.955, 12.626, 0.51, 19320, 4590, 131.48857197000052, -0.000367398, 0.0001470858250575902, -4.177134496468595e-06, -6.949899737584559, 12.6094415, 0.014728916136919344, 0.16631055958256594, 0.17936274252063727, 0.1112929471492374
34.955, 12.626, 0.5, 19872, 4590, 132.33812489399952, -0.000367402, 0.00014707481686885248, -4.176818611538416e-06, -6.949909104330299, 12.6094676, 0.014728267724071887, 0.16253909446930095, 0.1743572706363404, 0.1112929471492374
34.955, 12.626, 0.49, 20615, 5508, 150.7687294440002, -0.000367401, 0.0001470780686557377, -4.174918387431104e-06, -6.994735783834655, 12.826724100000002, 0.014701171684929312, 0.15225076943423427, 0.1680112293144208, 0.09299144028473279
34.955, 12.626, 0.48, 21728, 5712, 159.41336468300142, -0.000367515, 0.0001470450422670284, -4.177860530223146e-06, -6.9816897423424, 12.876809799999998, 0.014654263666858723, 0.14481400893789065, 0.15934697309417042, 0.08941484642762768
34.955, 12.626, 0.47, 22400, 5712, 200.97322162800083, -0.00036753, 0.0001470530422670284, -4.177809408816386e-06, -6.981958864783612, 12.8772315, 0.014650019721500651, 0.14131563129807378, 0.1545182769398016, 0.08941484642762768
34.955, 12.626, 0.46, 23230, 5814, 176.74856452099993, -0.000367714, 0.00014724411051184904, -4.178295864464658e-06, -6.98228966628042, 12.9341664, 0.014640870307409053, 0.13671931866746637, 0.14896506550218344, 0.0877277738535215
34.955, 12.626, 0.45, 23836, 5814, 180.39619665700047, -0.000367931, 0.00014713991884355334, -4.180474231081286e-06, -6.970079283244726, 13.234702899999998, 0.014571584765621272, 0.13391232471727202, 0.14516170212765958, 0.0877277738535215
34.955, 12.626, 0.44, 24644, 5814, 185.3615830710005, -0.00036796, 0.00014715391884355335, -4.179964718283242e-06, -6.969040309356046, 13.2349229, 0.014571134233700246, 0.1303441839041286, 0.1403827160493827, 0.0877277738535215
34.955, 12.626, 0.43, 25792, 6498, 203.6113122679999, -0.000367787, 0.00014718937233205529, -4.175057266667909e-06, -6.9802356463475075, 13.2335224, 0.014579602096513258, 0.12306071436550298, 0.13408671042804923, 0.0789549964681383
34.955, 12.626, 0.42, 26520, 6498, 204.43950800899984, -0.000367871, 0.00014730126176699856, -4.1755187058237595e-06, -6.96799816324274, 13.3855144, 0.014592043489937954, 0.12033250653518726, 0.13039140738475655, 0.0789549964681383
34.955, 12.626, 0.41, 26832, 6498, 204.46096525900066, -0.000367973, 0.00014728926176699856, -4.177162306232385e-06, -6.968429211020571, 13.5427882, 0.014548409626467635, 0.1191999566731857, 0.12886932869933135, 0.0789549964681383
34.955, 12.626, 0.4, 27878, 6726, 217.05794689300092, -0.000368052, 0.00014720135718296833, -4.178105527687269e-06, -6.956828559220833, 13.605013300000001, 0.014565001400751957, 0.1147303951198288, 0.1240021810250818, 0.07608390568747872
34.955, 12.626, 0.39, 30128, 7560, 258.588448511, -0.000367923, 0.00014726811024262296, -4.174299371721836e-06, -6.967357116113089, 13.604379699999999, 0.014567337084188574, 0.10537032249697166, 0.11467325534489714, 0.06793205864955731
34.955, 12.626, 0.38, 31584, 7560, 263.23110976300086, -0.00036803, 0.00014729177652780522, -4.175519040086577e-06, -6.967032389703833, 13.8294818, 0.014526462122058296, 0.1014294839058012, 0.10936808694815812, 0.06793205864955731
34.955, 12.626, 0.37, 32775, 7938, 280.6815640670011, -0.000368277, 0.00014732308731204202, -4.177120159676195e-06, -6.964142210107011, 13.8985793, 0.014542774257179794, 0.09743685333974524, 0.1053650852483321, 0.064477886175851
34.955, 12.626, 0.36, 34456, 7938, 302.0603626299999, -0.000368347, 0.0001472843177490915, -4.178393566062516e-06, -6.953916996077652, 14.0478695, 0.01455030625196797, 0.09354496898619644, 0.10019384967838577, 0.064477886175851
34.955, 12.626, 0.35, 35282, 8694, 324.3625674979994, -0.000368291, 0.0001473602547823692, -4.1749889143179745e-06, -6.962151487242959, 14.1690684, 0.01451659754922469, 0.09025076743548502, 0.0978403028738599, 0.05910472899452708
34.955, 12.626, 0.34, 37440, 8970, 357.7403884760024, -0.000368366, 0.00014734160000944265, -4.175717662631333e-06, -6.951860285948326, 14.240172999999999, 0.014525538239226069, 0.0854596505478458, 0.09217487638142075, 0.0571668690274934
34.955, 12.626, 0.33, 39556, 9108, 375.40607470800023, -0.000368442, 0.0001473262622691293, -4.175782966012902e-06, -6.952200699133403, 14.423939800000001, 0.014477961576500007, 0.0814590103979331, 0.0872142966712686, 0.056244822752856416
34.955, 12.626, 0.32, 40920, 9900, 416.11199841599955, -0.000368376, 0.00014735420184386602, -4.171615660201571e-06, -6.9497394629291565, 14.4368418, 0.014483097548769018, 0.07805209073849685, 0.08429831714730522, 0.051918297925712696
34.955, 12.626, 0.31, 44118, 9900, 452.70093358099984, -0.000368511, 0.00014737487307540982, -4.172110941499852e-06, -6.950158448007876, 14.676779299999998, 0.014441868200930992, 0.07339560723063566, 0.07815478372434018, 0.051918297925712696
34.955, 12.626, 0.3