xload,zload,max_mesh,decknodes,piernodes,time,min_d,max_d,mean_d,min_s,max_s,mean_s,shell-size,deck-size,pier-size
35, 9.65, 10.0, 735, 168, 2.356300516, -0.00010753494090266499, 8.22676e-05, -6.096348125023548e-07, -1.963230242238279, 2.43032466, 0.02241744834668139, 4.042824150348512, 5.0166176470588235, 1.7435895053380541
35, 9.65, 9.0, 735, 168, 2.317615655999999, -0.00010753494090266499, 8.22676e-05, -6.096348125023548e-07, -1.963230242238279, 2.43032466, 0.02241744834668139, 4.042824150348512, 5.0166176470588235, 1.7435895053380541
35, 9.65, 8.0, 735, 168, 2.3469883329999988, -0.00010753494090266499, 8.22676e-05, -6.096348125023548e-07, -1.963230242238279, 2.43032466, 0.02241744834668139, 4.042824150348512, 5.0166176470588235, 1.7435895053380541
35, 9.65, 7.0, 770, 168, 2.5140038460000014, -0.00018962333203515104, 9.70698e-05, -2.1852658331411162e-06, -3.1190525711956876, 5.0989770000000005, 0.026324574301240543, 3.9056424925522557, 4.777731092436975, 1.7435895053380541
35, 9.65, 6.0, 910, 168, 3.033123308999997, -0.0001939141550894301, 0.000110521, -1.890856424011822e-06, -3.1243010095272967, 5.115369800000001, 0.02019711997864053, 3.438887326482741, 4.013294117647059, 1.7435895053380541
35, 9.65, 5.0, 1015, 168, 3.3985855339999915, -0.00022924847231879674, 9.919e-05, -2.73765335537456e-06, -3.261778372038842, 5.3493974, 0.02486930135961924, 3.1560111109172255, 3.5832983193277315, 1.7435895053380541
35, 9.65, 4.0, 1221, 168, 4.228298906000006, -0.00023231305282384038, 9.72511e-05, -2.5818005036461343e-06, -3.271473480708037, 5.4037747000000005, 0.021876849877313937, 2.7176762344009444, 2.961197916666667, 1.7435895053380541
35, 9.65, 3.0, 1748, 504, 7.784354875000005, -0.0002689435898449834, 0.000109836, -3.1530822379066393e-06, -3.418825390557789, 6.4578997000000005, 0.020524928437312063, 1.746297981944382, 2.048828828828829, 0.8717947526690271
35, 9.65, 2.0, 2520, 540, 10.964353408000008, -0.00028150757152327376, 0.000110228, -3.380849089099171e-06, -3.563414943447772, 7.4713327, 0.018969119336934896, 1.2860511920924613, 1.4102108309218686, 0.8047336178483326
35, 9.65, 1.9, 2728, 960, 14.962283155999984, -0.00028397595945548555, 0.000109842, -3.461739938124627e-06, -3.6334782756898387, 7.5220748, 0.018583470657510072, 1.0777895283771326, 1.3005337399923753, 0.49816843009659556
35, 9.65, 1.8, 2790, 960, 15.612443228000018, -0.00028708186384992915, 0.000110236, -3.4841046241975146e-06, -3.654018663349473, 7.7427133999999995, 0.018559036379924104, 1.0599820632549752, 1.2709761549925485, 0.49816843009659556
35, 9.65, 1.7, 3015, 960, 15.62690089900002, -0.00028979729156574567, 0.000111335, -3.5075834071728487e-06, -4.312658845713017, 8.452459000000001, 0.01786329132931254, 1.0003716200248898, 1.1746900826446283, 0.49816843009659556
35, 9.65, 1.6, 3150, 960, 16.54372928700002, -0.00029222344628098286, 0.000110957, -3.5690300921233385e-06, -4.326626093007746, 8.8419562, 0.017561033596690045, 0.9677185404395074, 1.123616600790514, 0.49816843009659556
35, 9.65, 1.5, 3920, 960, 23.244224755999994, -0.00029303620061294264, 0.000111783, -3.560346022028316e-06, -4.202145848123322, 8.84943, 0.019699445533772664, 0.8153028703202851, 0.8996044303797469, 0.49816843009659556
35, 9.65, 1.4, 4233, 1020, 35.166897282000036, -0.0002948616217205679, 0.000112098, -3.5822941393127136e-06, -4.805194636214465, 9.1586771, 0.019423665384107256, 0.7554930072465963, 0.8320243902439025, 0.46495720142348923
35, 9.65, 1.3, 4437, 1428, 32.40894729600001, -0.0002957149275211236, 0.000111498, -3.600992556248642e-06, -4.81589470465382, 9.1665859, 0.01888615498912306, 0.6817863723932682, 0.7933255813953489, 0.3487179010676107
35, 9.65, 1.2, 5076, 1512, 34.517866553999966, -0.0002987944460091775, 0.000111765, -3.621256508048111e-06, -4.836438839500917, 9.8938969, 0.01861210300136039, 0.6053292772679597, 0.6920876445526476, 0.326923032250885
35, 9.65, 1.1, 5757, 1512, 35.39285058000007, -0.0003005022570746811, 0.000112186, -3.654242013194398e-06, -5.4111851240088225, 9.9296396, 0.01723764229578211, 0.5484100024575896, 0.6091607142857143, 0.326923032250885
35, 9.65, 1.0, 6555, 1512, 49.37959480399991, -0.0003024397235026541, 0.000111915, -3.6738142020721638e-06, -5.781814457063561, 10.6389454, 0.017049589820389097, 0.4941229517092625, 0.5343515037593985, 0.326923032250885
35, 9.65, 0.9, 7502, 2052, 63.69149899700005, -0.0003041223773486859, 0.000112149, -3.694788112763095e-06, -5.877804448016447, 10.768384399999999, 0.016776523690546174, 0.4181040360616837, 0.46602459016393444, 0.2461538125183135
35, 9.65, 0.89, 7688, 2052, 66.93336744999999, -0.0003051710295888174, 0.000112225, -3.7009024359027296e-06, -5.872127306501587, 11.0323445, 0.01680506455198616, 0.41008632270117984, 0.4546581367453019, 0.2461538125183135
35, 9.65, 0.88, 7688, 2052, 71.08770847500011, -0.0003051710295888174, 0.000112225, -3.7009024359027296e-06, -5.872127306501587, 11.0323445, 0.01680506455198616, 0.41008632270117984, 0.4546581367453019, 0.2461538125183135
35, 9.65, 0.87, 7936, 2052, 67.50513808699998, -0.0003051878369144984, 0.000112413, -3.6986162477246306e-06, -5.872171488562599, 11.0325033, 0.016712411703554537, 0.39986244789387554, 0.44033819543048924, 0.2461538125183135
35, 9.65, 0.86, 7936, 2052, 69.29381413500005, -0.0003051878369144984, 0.000112413, -3.6986162477246306e-06, -5.872171488562599, 11.0325033, 0.016712411703554537, 0.39986244789387554, 0.44033819543048924, 0.2461538125183135
35, 9.65, 0.85, 7936, 2052, 72.03410358999986, -0.0003051878369144984, 0.000112413, -3.6986162477246306e-06, -5.872171488562599, 11.0325033, 0.016712411703554537, 0.39986244789387554, 0.44033819543048924, 0.2461538125183135
35, 9.65, 0.84, 7936, 2052, 65.166957207, -0.0003051878369144984, 0.000112413, -3.6986162477246306e-06, -5.872171488562599, 11.0325033, 0.016712411703554537, 0.39986244789387554, 0.44033819543048924, 0.2461538125183135
35, 9.65, 0.83, 7998, 2052, 62.75709336099999, -0.00030543985251815363, 0.000112347, -3.7090540148626544e-06, -5.874881625266303, 11.381575699999999, 0.016772879935035536, 0.3973856394737368, 0.4368980532786885, 0.2461538125183135
35, 9.65, 0.82, 8122, 2052, 76.64234220499998, -0.000305439988451142, 0.00011235, -3.709493013913086e-06, -5.874893689645682, 11.3815749, 0.016833615282685895, 0.3925229465935165, 0.43017654476670875, 0.2461538125183135
35, 9.65, 0.81, 8370, 2052, 58.90251176600009, -0.00030545442053031845, 0.000112131, -3.708104603477164e-06, -5.8749269633742145, 11.3817333, 0.016830906895863237, 0.38314605223588794, 0.41733545387815024, 0.2461538125183135
35, 9.65, 0.8, 8640, 2160, 63.91474531999984, -0.00030551605909652697, 0.000112156, -3.708277618701934e-06, -5.876189142124681, 11.382819300000001, 0.016827776420851773, 0.3691241065400264, 0.40408670931059, 0.23247860071174056
35, 9.65, 0.79, 8704, 2160, 72.13764393700012, -0.0003063624767851618, 0.000112208, -3.711464202977037e-06, -5.864585355555144, 11.456141599999999, 0.01680006951565664, 0.36694362658578156, 0.40109347442680776, 0.23247860071174056
35, 9.65, 0.78, 9248, 2640, 92.6657152849998, -0.00030669558758149545, 0.000112245, -3.7179473362789324e-06, -5.871679899961665, 11.459338800000001, 0.016759733840013374, 0.33629404292664733, 0.3771475953565506, 0.19373216725979736
35, 9.65, 0.77, 9792, 2640, 93.94371797300028, -0.0003067901555936603, 0.000112276, -3.7182026733857474e-06, -5.876522111829207, 11.459738699999999, 0.01677673018907219, 0.32148638606238356, 0.3560484291827576, 0.19373216725979736
35, 9.65, 0.76, 10064, 2640, 82.7928866430002, -0.0003068022435179851, 0.000112376, -3.716239219944195e-06, -5.876564135133944, 11.459846200000001, 0.01677341126383669, 0.31456103026584636, 0.3463600365519342, 0.19373216725979736
35, 9.65, 0.75, 10064, 2640, 82.74067054699981, -0.0003068022435179851, 0.000112376, -3.716239219944195e-06, -5.876564135133944, 11.459846200000001, 0.01677341126383669, 0.31456103026584636, 0.3463600365519342, 0.19373216725979736
35, 9.65, 0.74, 10360, 2772, 89.25408824499982, -0.0003068733931648717, 0.000112406, -3.714572784479895e-06, -5.8777212312504465, 11.4614561, 0.01676111665100574, 0.3038631708624423, 0.3363206152026028, 0.18353573740401855
35, 9.65, 0.73, 10360, 2772, 88.77694515199983, -0.0003068733931648717, 0.000112406, -3.714572784479895e-06, -5.8777212312504465, 11.4614561, 0.01676111665100574, 0.3038631708624423, 0.3363206152026028, 0.18353573740401855
35, 9.65, 0.72, 10650, 2772, 92.62985987499997, -0.0003075771100942651, 0.000112452, -3.71751552639441e-06, -5.881321512042327, 11.548063999999998, 0.01675181254401746, 0.2972393876300619, 0.3270661553211889, 0.18353573740401855
35, 9.65, 0.71, 11076, 2772, 99.77196115399965, -0.00030846923291114254, 0.000112574, -3.7267033902920024e-06, -5.867895098340776, 12.0276961, 0.016740546853162848, 0.2880504767803176, 0.3144055299539171, 0.18353573740401855
35, 9.65, 0.7, 11076, 2772, 99.21173549600007, -0.00030846923291114254, 0.000112574, -3.7267033902920024e-06, -5.867895098340776, 12.0276961, 0.016740546853162848, 0.2880504767803176, 0.3144055299539171, 0.18353573740401855
35, 9.65, 0.69, 11076, 2772, 105.79096060199981, -0.00030846923291114254, 0.000112574, -3.7267033902920024e-06, -5.867895098340776, 12.0276961, 0.016740546853162848, 0.2880504767803176, 0.3144055299539171, 0.18353573740401855
35, 9.65, 0.68, 11218, 2772, 131.03743256799999, -0.00030847019648276857, 0.000112576, -3.7265116890817317e-06, -5.867908405638878, 12.027695600000001, 0.016734664496663065, 0.28511247104308574, 0.31040036396724296, 0.18353573740401855
35, 9.65, 0.67, 11826, 2772, 116.09309082900018, -0.0003084897851411807, 0.000112425, -3.725214524385068e-06, -5.868034164474507, 12.027952500000001, 0.016730346841559347, 0.2731332898895446, 0.29428053830227746, 0.18353573740401855
35, 9.65, 0.66, 12150, 2904, 138.94988111299972, -0.00030858274217274184, 0.000112415, -3.7268888546913837e-06, -5.932791472316156, 12.0316979, 0.016726822461774732, 0.26452979434482865, 0.28632701024005375, 0.17435895053381764
35, 9.65, 0.65, 12225, 3432, 146.7134093879995, -0.0003092039808627009, 0.000112474, -3.7330624735332327e-06, -5.919865639006995, 12.275388399999999, 0.01668859911478436, 0.2549813511556901, 0.2845595595595596, 0.14945052902902722
35, 9.65, 0.64, 12675, 3432, 136.338482915, -0.0003092119734768344, 0.00011255, -3.7324664449130766e-06, -5.919891783596416, 12.2754686, 0.016681775278631353, 0.24781242258976263, 0.2743967181467182, 0.14945052902902722
35, 9.65, 0.63, 12675, 3432, 168.76940822799952, -0.0003092119734768344, 0.00011255, -3.7324664449130766e-06, -5.919891783596416, 12.2754686, 0.016681775278631353, 0.24781242258976263, 0.2743967181467182, 0.14945052902902722
35, 9.65, 0.62, 13050, 3432, 135.02478521099965, -0.00030938406228220284, 0.000112539, -3.7349050713986487e-06, -5.924198800421531, 12.501498800000002, 0.016658840255661275, 0.24213920167909492, 0.2664661771598188, 0.14945052902902722
35, 9.65, 0.61, 13425, 3432, 139.11650856199958, -0.0003093860765300235, 0.00011254, -3.7347727023447815e-06, -5.924144894958818, 12.5015239, 0.016659296793343485, 0.23671992363522448, 0.2589811721834194, 0.14945052902902722
35, 9.65, 0.6, 14560, 3588, 189.27463547600019, -0.0003100195974255154, 0.000112656, -3.736300472159406e-06, -5.928544291674815, 12.5804432, 0.016643673350319382, 0.21952396800008592, 0.23856913070844116, 0.14233383717050213
35, 9.65, 0.59, 15006, 3588, 204.01422595999975, -0.0003097406739993283, 0.000112684, -3.738409335142661e-06, -5.910417416580174, 12.68022, 0.016609223493238113, 0.21420108251436956, 0.23140008140008142, 0.14233383717050213
35, 9.65, 0.58, 15334, 3588, 184.25617031800084, -0.0003097466142653578, 0.000112562, -3.7381584315411487e-06, -5.91044134915318, 12.680275000000002, 0.016612292632391303, 0.21046863383551315, 0.22642373556352052, 0.14233383717050213
35, 9.65, 0.57, 15498, 3588, 186.2893650850001, -0.0003097469704468122, 0.000112564, -3.7382176796119185e-06, -5.9104421518777, 12.680274599999999, 0.01660808502698129, 0.20865076655670353, 0.22401497241922774, 0.14233383717050213
35, 9.65, 0.56, 15498, 4140, 189.85119346100055, -0.0003098631801532664, 0.000112589, -3.740271528993516e-06, -5.913708880365794, 12.6810102, 0.01659850053637963, 0.20319074649726684, 0.22401497241922774, 0.1245421075241466
35, 9.65, 0.55, 16351, 4140, 190.5756540729999, -0.00030986237257392705, 0.000112633, -3.7475412075632445e-06, -5.907650992176542, 13.0083301, 0.016572063571462008, 0.19466045451339828, 0.2122511199601792, 0.1245421075241466
35, 9.65, 0.54, 16351, 4140, 173.70513821300028, -0.00030986237257392705, 0.000112633, -3.7475412075632445e-06, -5.907650992176542, 13.0083301, 0.016572063571462008, 0.19466045451339828, 0.2122511199601792, 0.1245421075241466
35, 9.65, 0.53, 17085, 4320, 224.621210360001, -0.000310014369191081, 0.000112794, -3.7464776948894767e-06, -5.911410651540095, 13.009185100000002, 0.016578109180582168, 0.18614220783568108, 0.20305357142857144, 0.11888110263668539
35, 9.65, 0.52, 18473, 4500, 361.80903910300003, -0.00031007593017239694, 0.00011282, -3.7471316498009573e-06, -5.913079074917903, 13.0101107, 0.016585234369076347, 0.17319232508131346, 0.18764026402640266, 0.11371235904378603
35, 9.65, 0.51, 19320, 4500, 332.5278185620009, -0.0003104645558523771, 0.000112866, -3.7498846874354024e-06, -5.897942868792629, 13.3008497, 0.016563395656669092, 0.16699184030455982, 0.17936274252063727, 0.11371235904378603
35, 9.65, 0.5, 19964, 4500, 304.3222989629994, -0.00031068737086326667, 0.000112755, -3.7520385113727507e-06, -5.898635883486499, 13.455620800000002, 0.01651989678970974, 0.16257285549756395, 0.17355006105006107, 0.11371235904378603
35, 9.65, 0.49, 20832, 5508, 369.463634017, -0.0003108589190131447, 0.000112789, -3.753728759475234e-06, -5.9432303279652405, 13.4587248, 0.016509553238001573, 0.15098201302228229, 0.16624269005847955, 0.09299144028473279
35, 9.65, 0.48, 21854, 5712, 338.39165570600017, -0.00031088088796543754, 0.000112849, -3.754024133946179e-06, -5.943612067465697, 13.4590681, 0.01651073936609556, 0.14414194392403526, 0.15841460016717748, 0.08941484642762768
35, 9.65, 0.47, 22400, 5712, 483.2639919459998, -0.00031092720433518095, 0.000112864, -3.7561745703712965e-06, -5.9250279019792735, 13.5747635, 0.01648291398053926, 0.14131563129807378, 0.1545182769398016, 0.08941484642762768
35, 9.65, 0.46, 23000, 5712, 367.1612385440003, -0.00031093120433518085, 0.000112911, -3.756031070587427e-06, -5.92505024075427, 13.574816899999998, 0.016482071057338624, 0.13834813792687656, 0.1504697631335186, 0.08941484642762768
35, 9.65, 0.45, 23735, 5712, 456.96287592800036, -0.0003116663071275101, 0.000112835, -3.7576926868928023e-06, -5.926682411334125, 13.863689399999998, 0.016447738308236384, 0.13487226969732413, 0.1457820512820513, 0.08941484642762768
35, 9.65, 0.44, 24644, 5712, 401.0727715280009, -0.00031173146720425184, 0.000112854, -3.7589756085419723e-06, -5.910162109334065, 13.8814284, 0.016460786320266194, 0.1308147405247211, 0.1403827160493827, 0.08941484642762768
35, 9.65, 0.43, 25544, 6384, 480.50170170300044, -0.000311806226014379, 0.000112921, -3.7597210244445447e-06, -5.912535618302175, 13.881824, 0.01646405973199925, 0.12449747972060063, 0.1354012860204811, 0.08047336178483326
35, 9.65, 0.42, 26265, 6384, 503.2859542360002, -0.00031183915739057996, 0.000112965, -3.7606623893098405e-06, -5.895436687301997, 14.1023469, 0.01643297194226758, 0.12173241811426402, 0.13166975451597962, 0.08047336178483326
35, 9.65, 0.41, 26574, 6384, 496.7969021459994, -0.00031177886452641267, 0.000112957, -3.761666172165338e-06, -5.8958656920569315, 14.205004800000001, 0.016388206803030284, 0.12058463602444566, 0.13013275349050127, 0.08047336178483326
35, 9.65, 0.4, 27772, 6612, 2206.461432577, -0.0003121161635779069, 0.000112906, -3.7626248198894097e-06, -5.8969053091799974, 14.2514734, 0.01642128241695188, 0.11549221713257665, 0.12447728516694034, 0.07749286690391352
35, 9.65, 0.39