xload,zload,max_mesh,decknodes,piernodes,time,min_d,max_d,mean_d,min_s,max_s,mean_s,shell-size,deck-size,pier-size
28.425, -12.600000000000001, 10.0, 714, 168, 7.819757554000001, -1.17814, 0.10633200079173746, -0.03743982277690427, -8727.256785175, 8960.629, -77.9477162977371, 4.1281157990900414, 5.168636363636364, 1.7435895053380541
28.425, -12.600000000000001, 9.0, 714, 168, 7.716275154999998, -1.17814, 0.10633200079173746, -0.03743982277690427, -8727.256785175, 8960.629, -77.9477162977371, 4.1281157990900414, 5.168636363636364, 1.7435895053380541
28.425, -12.600000000000001, 8.0, 714, 168, 7.537969916999998, -1.17814, 0.10633200079173746, -0.03743982277690427, -8727.256785175, 8960.629, -77.9477162977371, 4.1281157990900414, 5.168636363636364, 1.7435895053380541
28.425, -12.600000000000001, 7.0, 714, 168, 7.960921427000002, -1.17814, 0.10633200079173746, -0.03743982277690427, -8727.256785175, 8960.629, -77.9477162977371, 4.1281157990900414, 5.168636363636364, 1.7435895053380541
28.425, -12.600000000000001, 6.0, 884, 168, 11.647451673000006, -1.18328, 0.11032354392479501, -0.0371244747958376, -10143.454388046159, 7531.164699999999, -81.24081168890031, 3.5161309771225153, 4.134909090909091, 1.7435895053380541
28.425, -12.600000000000001, 5.0, 952, 168, 12.678429467, -1.18347, 0.1150153936457026, -0.03687828596287605, -10140.744972220005, 7527.19, -80.20503061941244, 3.3192992175889393, 3.828619528619529, 1.7435895053380541
28.425, -12.600000000000001, 4.0, 1221, 168, 20.968477393, -1.18069, 0.12181257090281478, -0.03674081842151021, -10836.205636623574, 7834.625100000001, -66.64909838855172, 2.7176762344009444, 2.961197916666667, 1.7435895053380541
28.425, -12.600000000000001, 3.0, 1702, 504, 61.353161562, -1.19746, 0.11031922579429264, -0.03679356599536857, -10715.057994095803, 8999.488500000001, -62.25092458402572, 1.7820827766563572, 2.1057407407407407, 0.8717947526690271
28.425, -12.600000000000001, 2.0, 2520, 540, 101.81707539799999, -1.20001, 0.10938616737891212, -0.03677620101606204, -10941.14330340592, 9003.7545, -62.019143668782924, 1.2860511920924613, 1.4102108309218686, 0.8047336178483326
28.425, -12.600000000000001, 1.9, 2728, 960, 179.40074289499995, -1.20395, 0.1089473996072141, -0.036715358382729706, -10911.498640317099, 9195.629, -62.66475264138941, 1.0777895283771326, 1.3005337399923753, 0.49816843009659556
28.425, -12.600000000000001, 1.8, 2728, 960, 181.22920120700007, -1.20395, 0.1089473996072141, -0.036715358382729706, -10911.498640317099, 9195.629, -62.66475264138941, 1.0777895283771326, 1.3005337399923753, 0.49816843009659556
28.425, -12.600000000000001, 1.7, 2948, 960, 193.93686455399995, -1.20412, 0.10887726873349446, -0.03671178718755638, -11033.099812513821, 9165.996500000003, -62.61318112098998, 1.0175386837070641, 1.2020084566596194, 0.49816843009659556
28.425, -12.600000000000001, 1.6, 3036, 960, 199.8240091480002, -1.20412, 0.10793772602607468, -0.036702168517616186, -11032.954812513823, 9165.91, -62.65650822112172, 0.9952832598009584, 1.166655266757866, 0.49816843009659556
28.425, -12.600000000000001, 1.5, 3920, 960, 301.53803449, -1.20517, 0.10808072784016147, -0.03666871255776479, -11257.478647713913, 9346.088000000002, -62.159129264692574, 0.8153028703202851, 0.8996044303797469, 0.49816843009659556
28.425, -12.600000000000001, 1.4, 4182, 1020, 337.8985736929999, -1.2061, 0.10790852716376431, -0.03669627117743079, -11193.264981046777, 9329.631, -62.26447740637777, 0.7628564868493896, 0.8422962962962963, 0.46495720142348923
28.425, -12.600000000000001, 1.3, 4437, 1428, 303.474443609, -1.20622, 0.1078640658414301, -0.03669151265891462, -11475.672407227557, 9348.8075, -62.052907654280524, 0.6817863723932682, 0.7933255813953489, 0.3487179010676107
28.425, -12.600000000000001, 1.2, 4982, 1512, 419.5881726829998, -1.20614, 0.10859052539334008, -0.03669764631036869, -11755.015056643218, 9331.216999999999, -61.85017331761547, 0.6141641207685749, 0.7053970223325062, 0.326923032250885
28.425, -12.600000000000001, 1.1, 5656, 1512, 492.5596384219998, -1.20636, 0.10821415851245102, -0.03670964475015751, -12028.46841350718, 9335.369999999999, -61.620121634681716, 0.5562043458694371, 0.6202363636363637, 0.326923032250885
28.425, -12.600000000000001, 1.0, 6384, 1512, 647.850650675, -1.20515, 0.10814067996163725, -0.03670720308611952, -12261.52785446749, 9362.876999999999, -61.33359779387806, 0.5048966297945244, 0.5488817377312952, 0.326923032250885
28.425, -12.600000000000001, 0.9, 7381, 2052, 933.23660023, -1.20574, 0.10906685054823553, -0.03667462325179492, -12309.891680992483, 9321.858, -61.95274316478231, 0.4235339586079393, 0.47379166666666667, 0.2461538125183135
28.425, -12.600000000000001, 0.89, 7503, 2052, 977.8551892159994, -1.20574, 0.1090749621265224, -0.03667288779621979, -12309.840016698645, 9321.8375, -62.023866085436524, 0.4181040360616837, 0.46602459016393444, 0.2461538125183135
28.425, -12.600000000000001, 0.88, 7503, 2052, 975.1867032269993, -1.20574, 0.1090749621265224, -0.03667288779621979, -12309.840016698645, 9321.8375, -62.023866085436524, 0.4181040360616837, 0.46602459016393444, 0.2461538125183135
28.425, -12.600000000000001, 0.87, 7808, 2052, 861.3409327769996, -1.20576, 0.10906550955359229, -0.036672928694220744, -12307.856806063537, 9316.8665, -61.981482294592844, 0.4051194386684637, 0.4476771653543307, 0.2461538125183135
28.425, -12.600000000000001, 0.86, 7808, 2052, 868.425521623999, -1.20576, 0.10906550955359229, -0.036672928694220744, -12307.856806063537, 9316.8665, -61.981482294592844, 0.4051194386684637, 0.4476771653543307, 0.2461538125183135
28.425, -12.600000000000001, 0.85, 7808, 2052, 863.7994669039999, -1.20576, 0.10906550955359229, -0.036672928694220744, -12307.856806063537, 9316.8665, -61.981482294592844, 0.4051194386684637, 0.4476771653543307, 0.2461538125183135
28.425, -12.600000000000001, 0.84, 7808, 2052, 864.3379512720003, -1.20576, 0.10906550955359229, -0.036672928694220744, -12307.856806063537, 9316.8665, -61.981482294592844, 0.4051194386684637, 0.4476771653543307, 0.2461538125183135
28.425, -12.600000000000001, 0.83, 7808, 2052, 870.049539923999, -1.20576, 0.10906550955359229, -0.036672928694220744, -12307.856806063537, 9316.8665, -61.981482294592844, 0.4051194386684637, 0.4476771653543307, 0.2461538125183135
28.425, -12.600000000000001, 0.82, 7930, 2052, 888.2049613050003, -1.20576, 0.10889761898577424, -0.03667162656233447, -12307.830008916932, 9316.842999999999, -62.03926298348807, 0.400148648009955, 0.44073643410852714, 0.2461538125183135
28.425, -12.600000000000001, 0.81, 8235, 2052, 907.4176111449997, -1.20577, 0.10888946574598812, -0.036671026853498254, -12302.089270911936, 9312.776, -62.10505999712813, 0.3882394620572777, 0.42429104477611945, 0.2461538125183135
28.425, -12.600000000000001, 0.8, 8505, 2160, 1008.1739719649995, -1.20573, 0.10891007155870433, -0.03667142598244472, -12301.094383936157, 9311.2965, -62.076931951660626, 0.37384923362030564, 0.4106042368801155, 0.23247860071174056
28.425, -12.600000000000001, 0.79, 8505, 2160, 1013.6657153100005, -1.20573, 0.10891007155870433, -0.03667142598244472, -12301.094383936157, 9311.2965, -62.076931951660626, 0.37384923362030564, 0.4106042368801155, 0.23247860071174056
28.425, -12.600000000000001, 0.78, 9180, 2640, 1532.9241482589987, -1.20559, 0.10915178975350673, -0.03666066160979605, -12315.02554813473, 9299.7825, -62.336511852544355, 0.3382414673757472, 0.37996212965025616, 0.19373216725979736
28.425, -12.600000000000001, 0.77, 9724, 2640, 1318.8869795249993, -1.20702, 0.10926523441937218, -0.036658219258346794, -12307.02340507822, 9298.875, -62.414224766343146, 0.3232656350187837, 0.35855581248686147, 0.19373216725979736
28.425, -12.600000000000001, 0.76, 10064, 2640, 1387.1503038159972, -1.20703, 0.10925823441937219, -0.03665857552390928, -12298.393495781536, 9295.530499999999, -62.48178775232772, 0.31456103026584636, 0.3463600365519342, 0.19373216725979736
28.425, -12.600000000000001, 0.75, 10064, 2640, 1498.3950244970001, -1.20703, 0.10925823441937219, -0.03665857552390928, -12298.393495781536, 9295.530499999999, -62.48178775232772, 0.31456103026584636, 0.3463600365519342, 0.19373216725979736
28.425, -12.600000000000001, 0.74, 10360, 2772, 1491.589643763, -1.2072, 0.10917772550677195, -0.03666830509523327, -12340.171414369892, 9291.0685, -62.53785810321842, 0.3038631708624423, 0.3363206152026028, 0.18353573740401855
28.425, -12.600000000000001, 0.73, 10360, 2772, 1495.849780001001, -1.2072, 0.10917772550677195, -0.03666830509523327, -12340.171414369892, 9291.0685, -62.53785810321842, 0.3038631708624423, 0.3363206152026028, 0.18353573740401855
28.425, -12.600000000000001, 0.72, 10500, 2772, 1526.3509977050016, -1.2072, 0.10935954789552735, -0.03666672002277965, -12340.147033509606, 9291.039, -62.50719258876418, 0.30064175904873586, 0.33180624452874236, 0.18353573740401855
28.425, -12.600000000000001, 0.71, 10850, 2772, 1553.5257419869995, -1.2072, 0.10935406961559792, -0.03666601183122366, -12329.471228367453, 9288.221, -62.55288958296305, 0.29287934272843846, 0.3210333145115754, 0.18353573740401855
28.425, -12.600000000000001, 0.7, 10850, 2772, 1529.3040783569995, -1.2072, 0.10935406961559792, -0.03666601183122366, -12329.471228367453, 9288.221, -62.55288958296305, 0.29287934272843846, 0.3210333145115754, 0.18353573740401855
28.425, -12.600000000000001, 0.69, 10850, 2772, 1507.7758047429998, -1.2072, 0.10935406961559792, -0.03666601183122366, -12329.471228367453, 9288.221, -62.55288958296305, 0.29287934272843846, 0.3210333145115754, 0.18353573740401855
28.425, -12.600000000000001, 0.68, 10990, 2772, 1318.5982636970002, -1.20721, 0.10916952345784425, -0.03666642866470746, -12329.447713213729, 9288.1905, -62.52895280986454, 0.28988546500277007, 0.31691750278706804, 0.18353573740401855
28.425, -12.600000000000001, 0.67, 11826, 2772, 1720.2210174659995, -1.20724, 0.10918597603077433, -0.03666212576653459, -12319.567667599866, 9482.01, -62.70299968085768, 0.27313328988954455, 0.29428053830227746, 0.18353573740401855
28.425, -12.600000000000001, 0.66, 12150, 2904, 1910.727964687001, -1.20739, 0.10935241355808031, -0.03664203881821179, -12318.74925144987, 9525.945000000002, -62.93308010338597, 0.26452979434482865, 0.28632701024005375, 0.17435895053381764
28.425, -12.600000000000001, 0.65, 12150, 3432, 2170.118601600996, -1.20722, 0.10955648281975247, -0.03663214437111069, -12346.338573511997, 9588.805, -62.935340240277576, 0.25621669356668403, 0.28632701024005375, 0.14945052902902722
28.425, -12.600000000000001, 0.64, 12675, 3432, 2299.7153749729987, -1.20722, 0.10955464949133228, -0.03663095713546443, -12333.880844860398, 9843.36, -62.95392886921863, 0.24781242258976266, 0.2743967181467182, 0.14945052902902722
28.425, -12.600000000000001, 0.63, 12675, 3432, 2296.3995335309955, -1.20722, 0.10955464949133228, -0.03663095713546443, -12333.880844860398, 9843.36, -62.95392886921863, 0.24781242258976266, 0.2743967181467182, 0.14945052902902722
28.425, -12.600000000000001, 0.62, 12975, 3432, 1703.7745432059965, -1.20694, 0.10956682925977765, -0.0366302917203086, -12329.953216880993, 9876.23, -62.93828061084397, 0.24325296976240254, 0.2680153991200503, 0.14945052902902722
28.425, -12.600000000000001, 0.61, 13350, 3432, 1763.8328937909973, -1.20694, 0.10956643269065555, -0.03663019505109141, -12329.851198733346, 9876.225, -62.937247394949836, 0.23778428591186845, 0.2604443426477325, 0.14945052902902722
28.425, -12.600000000000001, 0.6, 14378, 3588, 2106.769550511999, -1.20704, 0.10971141585792131, -0.036631544485006454, -12318.231646562133, 10117.505000000001, -63.685870137749596, 0.22177568726836291, 0.24162770930726732, 0.14233383717050213
28.425, -12.600000000000001, 0.59, 14924, 3588, 3066.0171577609945, -1.20705, 0.10972701928879923, -0.036636042222143894, -12319.513786388867, 10142.145, -63.73736207260694, 0.21515497155080168, 0.23267853488847964, 0.14233383717050213
28.425, -12.600000000000001, 0.58, 15334, 3588, 2397.147238922, -1.20706, 0.10972401928879921, -0.03663611905367808, -12306.445975445777, 10372.46, -63.74079921395052, 0.21046863383551315, 0.22642373556352052, 0.14233383717050213
28.425, -12.600000000000001, 0.57, 15498, 3588, 2393.1638467390003, -1.20706, 0.10963860682245365, -0.03663590498391817, -12306.416740599498, 10372.455000000002, -63.718794352657596, 0.20865076655670353, 0.22401497241922774, 0.14233383717050213
28.425, -12.600000000000001, 0.56, 15498, 4140, 2499.810706559001, -1.2069, 0.10980634099196696, -0.03662737944559584, -12330.410178959964, 10427.779999999999, -63.7229692776036, 0.20319074649726684, 0.22401497241922774, 0.1245421075241466
28.425, -12.600000000000001, 0.55, 16072, 4140, 2566.6925274660025, -1.20691, 0.10975934262943725, -0.036627624345887774, -12317.445645447468, 10647.165, -63.70763007845339, 0.19738002610265595, 0.21597340930674266, 0.1245421075241466
28.425, -12.600000000000001, 0.54, 16072, 4140, 2595.783718643994, -1.20691, 0.10975934262943725, -0.036627624345887774, -12317.445645447468, 10647.165, -63.70763007845339, 0.19738002610265595, 0.21597340930674266, 0.1245421075241466
28.425, -12.600000000000001, 0.53, 16884, 4320, 2862.838569852989, -1.20653, 0.10985910186438054, -0.03665378892509299, -12304.389316655026, 10824.585000000001, -63.607006348655375, 0.1879299739501229, 0.20550000000000002, 0.11888110263668539
28.425, -12.600000000000001, 0.52, 18473, 4500, 4764.584152441996, -1.20659, 0.10993771711018799, -0.036652378216998266, -12307.487555788774, 10847.765000000001, -63.783995071342524, 0.17319232508131346, 0.18764026402640266, 0.11371235904378603
28.425, -12.600000000000001, 0.51, 19019, 4500, 3640.084422068001, -1.20662, 0.1099455453504053, -0.03665194489468103, -12305.09128900905, 10877.43, -63.80753191269573, 0.16914997309549443, 0.1822275641025641, 0.11371235904378603
28.425, -12.600000000000001, 0.5, 19656, 4500, 3714.0980800260004, -1.20663, 0.10996895679425563, -0.036652114400012904, -12292.390627340887, 11077.025000000001, -63.830661051589374, 0.16466606822929222, 0.17629457364341086, 0.11371235904378603
28.425, -12.600000000000001, 0.49, 20520, 5508, 4469.285671460995, -1.20656, 0.11016689448557004, -0.036639828530226355, -12314.407894552702, 11137.14, -63.99864014011938, 0.15280959693625762, 0.16879267689262742, 0.09299144028473279
28.425, -12.600000000000001, 0.48, 21631, 5712, 4951.6544269060105, -1.20655, 0.11010065256710394, -0.036639011634661385, -12303.297336172927, 11327.29, -63.98552832070257, 0.14533027991449632, 0.16006475225225225, 0.08941484642762768
28.425, -12.600000000000001, 0.47, 22300, 5712, 6716.786588534, -1.20656, 0.11010954887689203, -0.03663639247700756, -12303.935299427336, 11348.394999999999, -64.07441475408932, 0.1418226345414785, 0.1552143052143052, 0.08941484642762768
28.425, -12.600000000000001, 0.46, 23000, 5712, 4961.768005877006, -1.20656, 0.11013182272572328, -0.03663624756724638, -12293.394887450366, 11531.619999999999, -64.07168479275815, 0.13834813792687656, 0.1504697631335186, 0.08941484642762768
28.425, -12.600000000000001, 0.45, 23500, 5712, 5291.01254139001, -1.20656, 0.1101300684371259, -0.03663646701630696, -12283.321410287475, 11706.555, -64.06612266088347, 0.13596879221518857, 0.14725459725459727, 0.08941484642762768
28.425, -12.600000000000001, 0.44, 24300, 5712, 5269.513399876989, -1.20677, 0.11022456889021297, -0.03663572973605189, -12281.509599628354, 11731.035, -64.05265322593735, 0.13232750989171427, 0.14238667668419736, 0.08941484642762768
28.425, -12.600000000000001, 0.43, 25544, 6384, 5925.772535865006, -1.20663, 0.11034482374125473, -0.03662907380361104, -12289.752389592755, 11960.25, -64.12187672749793, 0.12449747972060063, 0.1354012860204811, 0.08047336178483326
28.425, -12.600000000000001, 0.42, 26265, 6384, 5953.476115252997, -1.20663, 0.11025988034173656, -0.03662908996931574, -12280.680696525282, 12122.47, -64.11498103791253, 0.12173241811426402, 0.13166975451597962, 0.08047336178483326
28.425, -12.600000000000001, 0.41, 26471, 6384, 5880.6286705920065, -1.20663, 0.1102531213421318, -0.036628769745540794, -12280.659067467888, 12122.48, -64.10539260999396, 0.12096481755493818, 0.13064108455882353, 0.08047336178483326
28.425, -12.600000000000001, 0.4, 27510, 6612, 6471.986361713993, -1.20663, 0.11025512134213182, -0.036629016659195615, -12271.956540725172, 12277.289999999999, -64.07904742215233, 0.11638870382873423, 0.12567418213969936, 0.07749286690391352
28.425, -12.600000000000001, 0.39, 30128, 7560, 8212.114657479979, -1.20652, 0.1104685772311434, -0.03662089301860811, -12280.219668164313, 12479.220000000001, -64.13594872447774, 0.10537032249697166, 0.11467325534489714, 0.06793205864955731
28.425, -12.600000000000001, 0.38